		Temp	Hi	Low	Out	Dew	Wind	Wind	Wind	Hi	Hi	Wind	Heat	THW	THSW			Rain	Solar	Solar	Hi Solar	Heat	Cool	In 	In	In 	In 	In 	In Air		Wind	Wind	ISS 	Arc.
Date	Time	Out	Temp	Temp	Hum	Pt.	Speed	Dir	Run	Speed	Dir	Chill	Index	Index	Index	Bar  	Rain	Rate	Rad.	Energy	Rad. 	D-D 	D-D 	Temp	Hum	Dew	Heat	EMC	Density	ET 	Samp	Tx 	Recept	Int.
01/06/23	0:05	19.8	19.9	19.8	62	12.3	4.8	NNE	0.40	9.7	NE	19.8	19.6	19.6	---	1017.6	0.00	0.0	0	0.00	0	0.000	0.005	23.7	45	11.0	23.3	8.45	1.1795	0.00	112	1	98.2	5
01/06/23	0:10	19.7	19.8	19.7	63	12.5	4.8	NE	0.40	8.0	N	19.7	19.6	19.6	---	1017.5	0.00	0.0	0	0.00	0	0.000	0.005	23.6	45	11.0	23.3	8.45	1.1797	0.00	109	1	95.6	5
01/06/23	0:15	19.6	19.8	19.6	63	12.4	6.4	NNE	0.54	11.3	NNE	19.6	19.4	19.4	---	1017.5	0.00	0.0	0	0.00	0	0.000	0.004	23.6	45	11.0	23.3	8.45	1.1797	0.00	112	1	98.2	5
01/06/23	0:20	19.6	19.7	19.6	63	12.3	6.4	NE	0.54	14.5	NE	19.6	19.3	19.3	---	1017.6	0.00	0.0	0	0.00	0	0.000	0.004	23.6	45	11.0	23.3	8.45	1.1798	0.00	114	1	100.0	5
01/06/23	0:25	19.5	19.6	19.5	63	12.3	6.4	NE	0.54	17.7	NNE	19.5	19.3	19.3	---	1017.5	0.00	0.0	0	0.00	0	0.000	0.004	23.6	45	11.0	23.3	8.45	1.1797	0.00	114	1	100.0	5
01/06/23	0:30	19.4	19.5	19.4	63	12.2	9.7	NNE	0.80	14.5	NE	19.4	19.2	19.2	---	1017.5	0.00	0.0	0	0.00	0	0.000	0.004	23.6	45	11.0	23.3	8.45	1.1797	0.00	117	1	100.0	5
01/06/23	0:35	19.3	19.4	19.3	64	12.3	8.0	NNE	0.67	14.5	NE	19.3	19.2	19.2	---	1017.6	0.00	0.0	0	0.00	0	0.000	0.003	23.6	45	10.9	23.2	8.45	1.1801	0.00	112	1	98.2	5
01/06/23	0:40	19.2	19.3	19.2	64	12.2	8.0	NE	0.67	17.7	NNE	19.2	19.0	19.0	---	1017.5	0.00	0.0	0	0.00	0	0.000	0.003	23.5	45	10.9	23.1	8.45	1.1803	0.00	109	1	95.6	5
01/06/23	0:45	19.2	19.2	19.2	64	12.2	8.0	NNE	0.67	16.1	NE	19.2	18.9	18.9	---	1017.5	0.00	0.0	0	0.00	0	0.000	0.003	23.6	45	10.9	23.2	8.45	1.1800	0.00	115	1	100.0	5
01/06/23	0:50	19.1	19.2	19.1	64	12.1	8.0	NE	0.67	17.7	NE	19.1	18.9	18.9	---	1017.6	0.00	0.0	0	0.00	0	0.000	0.003	23.5	46	11.2	23.2	8.56	1.1800	0.00	116	1	100.0	5
01/06/23	0:55	19.1	19.1	19.1	64	12.1	6.4	NE	0.54	14.5	NNE	19.1	18.8	18.8	---	1017.6	0.00	0.0	0	0.00	0	0.000	0.003	23.5	46	11.2	23.2	8.56	1.1800	0.00	115	1	100.0	5
01/06/23	1:00	18.9	19.1	18.9	64	12.0	8.0	NE	0.67	16.1	NNE	18.9	18.7	18.7	---	1017.6	0.00	0.0	0	0.00	0	0.000	0.002	23.5	46	11.2	23.2	8.56	1.1801	0.03	114	1	100.0	5
01/06/23	1:05	18.9	19.0	18.9	64	12.0	8.0	NE	0.67	17.7	NE	18.9	18.7	18.7	---	1017.7	0.00	0.0	0	0.00	0	0.000	0.002	23.4	46	11.2	23.1	8.57	1.1804	0.00	113	1	99.1	5
01/06/23	1:10	18.9	18.9	18.8	65	12.2	8.0	NE	0.67	16.1	NE	18.9	18.7	18.7	---	1017.7	0.00	0.0	0	0.00	0	0.000	0.002	23.5	46	11.2	23.2	8.56	1.1801	0.00	111	1	97.4	5
01/06/23	1:15	18.8	18.9	18.8	65	12.1	8.0	NNE	0.67	16.1	NNE	18.8	18.6	18.6	---	1017.6	0.00	0.0	0	0.00	0	0.000	0.002	23.5	46	11.2	23.2	8.56	1.1800	0.00	115	1	100.0	5
01/06/23	1:20	18.8	18.8	18.7	65	12.1	9.7	NE	0.80	16.1	N	18.8	18.6	18.6	---	1017.7	0.00	0.0	0	0.00	0	0.000	0.002	23.5	46	11.2	23.2	8.56	1.1801	0.00	111	1	97.4	5
01/06/23	1:25	18.7	18.8	18.7	65	12.0	6.4	NE	0.54	12.9	NNE	18.7	18.4	18.4	---	1017.7	0.00	0.0	0	0.00	0	0.000	0.001	23.5	46	11.2	23.2	8.56	1.1801	0.00	111	1	97.4	5
01/06/23	1:30	18.6	18.7	18.6	65	11.9	6.4	NNE	0.54	16.1	NE	18.6	18.3	18.3	---	1017.6	0.00	0.0	0	0.00	0	0.000	0.001	23.4	46	11.2	23.1	8.57	1.1803	0.00	107	1	93.9	5
01/06/23	1:35	18.6	18.6	18.5	65	11.8	8.0	NE	0.67	16.1	NNE	18.6	18.3	18.3	---	1017.7	0.00	0.0	0	0.00	0	0.000	0.001	23.4	46	11.2	23.1	8.57	1.1804	0.00	113	1	99.1	5
01/06/23	1:40	18.5	18.6	18.4	65	11.8	8.0	NE	0.67	16.1	NE	18.5	18.2	18.2	---	1017.5	0.00	0.0	0	0.00	0	0.000	0.001	23.4	46	11.2	23.1	8.57	1.1802	0.00	114	1	100.0	5
01/06/23	1:45	18.5	18.5	18.4	65	11.8	6.4	NE	0.54	14.5	NE	18.5	18.2	18.2	---	1017.6	0.00	0.0	0	0.00	0	0.000	0.001	23.4	46	11.2	23.1	8.57	1.1803	0.00	115	1	100.0	5
01/06/23	1:50	18.4	18.5	18.4	65	11.7	6.4	NE	0.54	12.9	ENE	18.4	18.1	18.1	---	1017.6	0.00	0.0	0	0.00	0	0.000	0.000	23.4	46	11.2	23.1	8.57	1.1803	0.00	116	1	100.0	5
01/06/23	1:55	18.4	18.4	18.3	65	11.7	8.0	NE	0.67	17.7	NNE	18.4	18.1	18.1	---	1017.5	0.00	0.0	0	0.00	0	0.000	0.000	23.4	46	11.2	23.1	8.57	1.1802	0.00	115	1	100.0	5
01/06/23	2:00	18.3	18.4	18.3	66	11.8	4.8	NE	0.40	14.5	NNW	18.3	17.9	17.9	---	1017.6	0.00	0.0	0	0.00	0	0.000	0.000	23.4	46	11.2	23.1	8.57	1.1803	0.03	114	1	100.0	5
01/06/23	2:05	18.2	18.3	18.2	66	11.8	6.4	NNE	0.54	14.5	NNE	18.2	17.9	17.9	---	1017.5	0.00	0.0	0	0.00	0	0.000	0.000	23.4	46	11.2	23.1	8.57	1.1802	0.00	114	1	100.0	5
01/06/23	2:10	18.1	18.2	18.1	66	11.7	6.4	NE	0.54	14.5	NE	18.1	17.8	17.8	---	1017.5	0.00	0.0	0	0.00	0	0.001	0.000	23.4	46	11.2	23.1	8.57	1.1802	0.00	116	1	100.0	5
01/06/23	2:15	18.0	18.2	18.0	66	11.6	6.4	NE	0.54	12.9	ENE	18.0	17.7	17.7	---	1017.5	0.00	0.0	0	0.00	0	0.001	0.000	23.4	46	11.2	23.1	8.57	1.1802	0.00	117	1	100.0	5
01/06/23	2:20	17.9	18.1	17.9	66	11.5	6.4	NE	0.54	12.9	NNE	17.9	17.6	17.6	---	1017.6	0.00	0.0	0	0.00	0	0.001	0.000	23.4	46	11.1	23.1	8.57	1.1805	0.00	116	1	100.0	5
01/06/23	2:25	17.8	17.9	17.8	67	11.6	4.8	NE	0.40	9.7	NE	17.8	17.5	17.5	---	1017.5	0.00	0.0	0	0.00	0	0.002	0.000	23.4	46	11.2	23.1	8.57	1.1802	0.00	113	1	99.1	5
01/06/23	2:30	17.8	17.8	17.8	67	11.6	6.4	NNE	0.54	12.9	NNE	17.8	17.4	17.4	---	1017.5	0.00	0.0	0	0.00	0	0.002	0.000	23.4	46	11.2	23.1	8.57	1.1802	0.00	115	1	100.0	5
01/06/23	2:35	17.7	17.8	17.7	67	11.5	6.4	NE	0.54	14.5	ENE	17.7	17.4	17.4	---	1017.4	0.00	0.0	0	0.00	0	0.002	0.000	23.4	46	11.1	23.1	8.57	1.1803	0.00	114	1	100.0	5
01/06/23	2:40	17.7	17.8	17.6	67	11.5	6.4	NE	0.54	11.3	NNE	17.7	17.3	17.3	---	1017.3	0.00	0.0	0	0.00	0	0.002	0.000	23.4	46	11.1	23.1	8.57	1.1802	0.00	115	1	100.0	5
01/06/23	2:45	17.6	17.7	17.6	68	11.6	6.4	NNE	0.54	14.5	NE	17.6	17.2	17.2	---	1017.3	0.00	0.0	0	0.00	0	0.003	0.000	23.4	46	11.1	23.1	8.57	1.1802	0.00	112	1	98.2	5
01/06/23	2:50	17.4	17.6	17.4	68	11.5	8.0	NE	0.67	14.5	NE	17.4	17.1	17.1	---	1017.3	0.00	0.0	0	0.00	0	0.003	0.000	23.4	46	11.1	23.1	8.57	1.1803	0.00	116	1	100.0	5
01/06/23	2:55	17.4	17.5	17.4	68	11.4	9.7	NNE	0.80	17.7	NNE	17.4	17.1	17.1	---	1017.2	0.00	0.0	0	0.00	0	0.003	0.000	23.4	46	11.1	23.1	8.57	1.1801	0.00	110	1	96.5	5
01/06/23	3:00	17.3	17.4	17.3	68	11.4	8.0	NNE	0.67	19.3	NE	17.3	17.0	17.0	---	1017.4	0.00	0.0	0	0.00	0	0.003	0.000	23.4	46	11.1	23.1	8.57	1.1803	0.03	109	1	95.6	5
01/06/23	3:05	17.2	17.3	17.2	68	11.3	8.0	NE	0.67	16.1	NE	17.2	16.9	16.9	---	1017.3	0.00	0.0	0	0.00	0	0.004	0.000	23.4	46	11.1	23.1	8.57	1.1802	0.00	114	1	100.0	5
01/06/23	3:10	17.2	17.2	17.2	68	11.3	8.0	NE	0.67	19.3	NNE	17.2	16.9	16.9	---	1017.2	0.00	0.0	0	0.00	0	0.004	0.000	23.4	46	11.1	23.1	8.57	1.1801	0.00	115	1	100.0	5
01/06/23	3:15	17.2	17.2	17.1	68	11.2	8.0	NNE	0.67	14.5	NE	17.2	16.8	16.8	---	1017.3	0.00	0.0	0	0.00	0	0.004	0.000	23.3	46	11.1	23.0	8.57	1.1805	0.00	117	1	100.0	5
01/06/23	3:20	17.1	17.1	17.1	69	11.3	9.7	NNE	0.80	17.7	NNE	17.1	16.7	16.7	---	1017.3	0.00	0.0	0	0.00	0	0.004	0.000	23.3	46	11.1	23.0	8.57	1.1805	0.00	113	1	99.1	5
01/06/23	3:25	16.9	17.1	16.9	69	11.2	9.7	NNE	0.80	17.7	NNE	16.9	16.5	16.5	---	1017.2	0.00	0.0	0	0.00	0	0.005	0.000	23.4	46	11.1	23.1	8.57	1.1801	0.00	113	1	99.1	5
01/06/23	3:30	16.9	16.9	16.8	69	11.2	9.7	NNE	0.80	17.7	NNE	16.9	16.5	16.5	---	1017.2	0.00	0.0	0	0.00	0	0.005	0.000	23.3	46	11.1	23.0	8.57	1.1803	0.00	107	1	93.9	5
01/06/23	3:35	16.8	16.9	16.8	69	11.1	11.3	NNE	0.94	19.3	N	16.7	16.4	16.3	---	1017.2	0.00	0.0	0	0.00	0	0.005	0.000	23.3	46	11.1	23.0	8.57	1.1803	0.00	115	1	100.0	5
01/06/23	3:40	16.8	16.8	16.8	69	11.1	11.3	NE	0.94	19.3	NE	16.6	16.4	16.2	---	1017.1	0.00	0.0	0	0.00	0	0.005	0.000	23.3	46	11.1	23.0	8.57	1.1802	0.00	109	1	95.6	5
01/06/23	3:45	16.8	16.8	16.7	69	11.1	9.7	NE	0.80	19.3	ENE	16.8	16.4	16.4	---	1017.1	0.00	0.0	0	0.00	0	0.005	0.000	23.3	46	11.1	23.0	8.57	1.1803	0.00	109	1	95.6	5
01/06/23	3:50	16.6	16.8	16.6	70	11.1	9.7	NNE	0.80	20.9	NNE	16.6	16.2	16.2	---	1017.2	0.00	0.0	0	0.00	0	0.006	0.000	23.3	46	11.1	23.0	8.57	1.1804	0.00	114	1	100.0	5
01/06/23	3:55	16.6	16.6	16.5	70	11.1	8.0	NE	0.67	16.1	NNE	16.6	16.2	16.2	---	1017.1	0.00	0.0	0	0.00	0	0.006	0.000	23.3	46	11.1	23.0	8.57	1.1803	0.00	112	1	98.2	5
01/06/23	4:00	16.5	16.6	16.4	70	11.0	11.3	NE	0.94	20.9	ENE	16.3	16.1	15.9	---	1017.1	0.00	0.0	0	0.00	0	0.006	0.000	23.3	46	11.1	23.0	8.57	1.1802	0.03	113	1	99.1	5
01/06/23	4:05	16.4	16.5	16.4	70	11.0	9.7	NE	0.80	20.9	NNE	16.4	16.1	16.0	---	1017.1	0.00	0.0	0	0.00	0	0.007	0.000	23.3	46	11.1	23.0	8.57	1.1803	0.00	115	1	100.0	5
01/06/23	4:10	16.4	16.4	16.4	71	11.1	9.7	NE	0.80	20.9	NE	16.3	16.1	16.0	---	1017.1	0.00	0.0	0	0.00	0	0.007	0.000	23.3	46	11.0	22.9	8.57	1.1806	0.00	116	1	100.0	5
01/06/23	4:15	16.3	16.4	16.3	71	11.0	8.0	NE	0.67	16.1	NE	16.3	15.9	15.9	---	1017.1	0.00	0.0	0	0.00	0	0.007	0.000	23.3	46	11.0	22.9	8.57	1.1806	0.00	116	1	100.0	5
01/06/23	4:20	16.2	16.3	16.2	72	11.1	6.4	NNE	0.54	16.1	NNE	16.2	15.8	15.8	---	1017.1	0.00	0.0	0	0.00	0	0.008	0.000	23.3	46	11.1	23.0	8.57	1.1802	0.00	112	1	98.2	5
01/06/23	4:25	16.1	16.2	16.1	72	11.1	6.4	NE	0.54	17.7	NE	16.1	15.8	15.8	---	1017.1	0.00	0.0	0	0.00	0	0.008	0.000	23.3	46	11.0	22.9	8.57	1.1806	0.00	113	1	99.1	5
01/06/23	4:30	16.0	16.1	16.0	73	11.2	8.0	NE	0.67	16.1	NE	16.0	15.7	15.7	---	1017.1	0.00	0.0	0	0.00	0	0.008	0.000	23.3	46	11.0	22.9	8.57	1.1806	0.00	110	1	96.5	5
01/06/23	4:35	15.9	16.1	15.9	74	11.3	6.4	NE	0.54	12.9	NNE	15.9	15.7	15.7	---	1017.2	0.00	0.0	0	0.00	0	0.008	0.000	23.3	46	11.0	22.9	8.57	1.1806	0.00	113	1	99.1	5
01/06/23	4:40	15.9	15.9	15.8	75	11.5	8.0	NE	0.67	14.5	NE	15.9	15.7	15.7	---	1017.2	0.00	0.0	0	0.00	0	0.008	0.000	23.3	46	11.0	22.9	8.57	1.1806	0.00	115	1	100.0	5
01/06/23	4:45	15.8	15.8	15.8	76	11.6	6.4	NE	0.54	14.5	NE	15.8	15.6	15.6	---	1017.2	0.00	0.0	0	0.00	0	0.009	0.000	23.3	46	11.0	22.9	8.57	1.1806	0.00	109	1	95.6	5
01/06/23	4:50	15.7	15.8	15.7	77	11.6	6.4	NE	0.54	14.5	NNE	15.7	15.4	15.4	---	1017.2	0.00	0.0	0	0.00	0	0.009	0.000	23.3	46	11.0	22.9	8.57	1.1806	0.00	112	1	98.2	5
01/06/23	4:55	15.6	15.7	15.6	78	11.7	6.4	NE	0.54	14.5	NNE	15.6	15.4	15.4	---	1017.1	0.00	0.0	0	0.00	0	0.010	0.000	23.2	46	11.0	22.9	8.57	1.1808	0.00	107	1	93.9	5
01/06/23	5:00	15.5	15.6	15.5	78	11.7	6.4	NE	0.54	16.1	NE	15.5	15.3	15.3	---	1017.2	0.00	0.0	0	0.00	0	0.010	0.000	23.2	46	11.0	22.9	8.57	1.1809	0.03	108	1	94.7	5
01/06/23	5:05	15.4	15.6	15.4	79	11.8	6.4	NE	0.54	11.3	ENE	15.4	15.3	15.3	---	1017.1	0.00	0.0	0	0.00	0	0.010	0.000	23.2	46	11.0	22.9	8.57	1.1808	0.00	113	1	99.1	5
01/06/23	5:10	15.3	15.4	15.3	79	11.7	4.8	NE	0.40	16.1	NE	15.3	15.2	15.2	---	1017.2	0.00	0.0	0	0.00	0	0.010	0.000	23.2	46	11.0	22.9	8.57	1.1809	0.00	110	1	96.5	5
01/06/23	5:15	15.3	15.4	15.3	80	11.9	6.4	NE	0.54	11.3	NNE	15.3	15.2	15.2	---	1017.1	0.00	0.0	0	0.00	0	0.010	0.000	23.2	46	11.0	22.9	8.57	1.1808	0.00	116	1	100.0	5
01/06/23	5:20	15.3	15.3	15.3	80	11.8	4.8	NE	0.40	11.3	NE	15.3	15.2	15.2	---	1017.1	0.00	0.0	0	0.00	0	0.011	0.000	23.2	46	11.0	22.9	8.57	1.1808	0.00	113	1	99.1	5
01/06/23	5:25	15.2	15.3	15.2	81	11.9	6.4	NE	0.54	16.1	NNE	15.2	15.1	15.1	---	1017.1	0.00	0.0	0	0.00	0	0.011	0.000	23.2	46	11.0	22.9	8.57	1.1808	0.00	114	1	100.0	5
01/06/23	5:30	15.1	15.2	15.1	81	11.9	4.8	NE	0.40	11.3	NNE	15.1	15.0	15.0	---	1017.1	0.00	0.0	0	0.00	0	0.011	0.000	23.2	46	11.0	22.9	8.57	1.1808	0.00	114	1	100.0	5
01/06/23	5:35	15.1	15.2	15.1	81	11.8	4.8	NE	0.40	12.9	N	15.1	14.9	14.9	---	1017.0	0.00	0.0	0	0.00	0	0.011	0.000	23.2	46	11.0	22.9	8.57	1.1807	0.00	115	1	100.0	5
01/06/23	5:40	15.1	15.1	15.0	82	12.0	6.4	NE	0.54	14.5	ENE	15.1	14.9	14.9	---	1017.0	0.00	0.0	0	0.00	0	0.011	0.000	23.2	46	11.0	22.9	8.57	1.1807	0.00	116	1	100.0	5
01/06/23	5:45	15.0	15.1	14.9	82	12.0	6.4	NE	0.54	17.7	ENE	15.0	14.9	14.9	---	1017.0	0.00	0.0	0	0.00	0	0.012	0.000	23.2	46	11.0	22.9	8.57	1.1807	0.00	116	1	100.0	5
01/06/23	5:50	15.1	15.1	15.0	82	12.0	6.4	NE	0.54	12.9	ENE	15.1	14.9	14.9	---	1017.2	0.00	0.0	0	0.00	0	0.011	0.000	23.2	46	10.9	22.8	8.58	1.1811	0.00	116	1	100.0	5
01/06/23	5:55	14.9	15.0	14.9	82	11.9	4.8	NE	0.40	9.7	ENE	14.9	14.8	14.8	---	1017.1	0.00	0.0	0	0.00	0	0.012	0.000	23.2	46	11.0	22.9	8.57	1.1808	0.00	114	1	100.0	5
01/06/23	6:00	14.9	15.0	14.9	83	12.0	6.4	NE	0.54	16.1	E	14.9	14.8	14.8	---	1017.1	0.00	0.0	0	0.00	0	0.012	0.000	23.2	46	11.0	22.9	8.57	1.1808	0.00	115	1	100.0	5
01/06/23	6:05	14.9	14.9	14.8	83	12.0	4.8	NE	0.40	11.3	NNE	14.9	14.8	14.8	---	1017.1	0.00	0.0	0	0.00	0	0.012	0.000	23.2	46	10.9	22.8	8.58	1.1811	0.00	117	1	100.0	5
01/06/23	6:10	14.8	14.8	14.8	83	11.9	4.8	NE	0.40	11.3	ENE	14.8	14.7	14.7	---	1017.2	0.00	0.0	1	0.01	5	0.012	0.000	23.2	46	10.9	22.8	8.58	1.1812	0.00	116	1	100.0	5
01/06/23	6:15	14.8	14.8	14.8	83	11.9	6.4	NE	0.54	12.9	NNE	14.8	14.7	14.7	---	1017.4	0.00	0.0	5	0.04	7	0.012	0.000	23.2	46	10.9	22.8	8.58	1.1814	0.00	117	1	100.0	5
01/06/23	6:20	14.8	14.8	14.8	84	12.1	3.2	NE	0.27	11.3	NNE	14.8	14.7	14.7	---	1017.3	0.00	0.0	8	0.06	9	0.012	0.000	23.2	46	10.9	22.8	8.58	1.1813	0.00	112	1	98.2	5
01/06/23	6:25	14.7	14.8	14.7	84	12.0	4.8	NNE	0.40	9.7	NE	14.7	14.7	14.7	---	1017.3	0.00	0.0	11	0.08	12	0.013	0.000	23.2	46	10.9	22.8	8.58	1.1813	0.00	111	1	97.4	5
01/06/23	6:30	14.7	14.7	14.7	84	12.0	3.2	NE	0.27	14.5	NNE	14.7	14.6	14.6	---	1017.3	0.00	0.0	14	0.10	16	0.013	0.000	23.2	46	10.9	22.8	8.58	1.1813	0.00	116	1	100.0	5
01/06/23	6:35	14.7	14.7	14.6	84	12.0	1.6	NE	0.13	6.4	N	14.7	14.6	14.6	---	1017.4	0.00	0.0	17	0.12	19	0.013	0.000	23.2	46	10.9	22.8	8.58	1.1814	0.00	117	1	100.0	5
01/06/23	6:40	14.7	14.7	14.7	84	12.0	1.6	NE	0.13	8.0	E	14.7	14.7	14.7	---	1017.5	0.00	0.0	22	0.16	25	0.013	0.000	23.2	46	11.0	22.9	8.57	1.1813	0.00	117	1	100.0	5
01/06/23	6:45	14.7	14.7	14.7	84	12.0	4.8	NE	0.40	8.0	NE	14.7	14.7	14.7	---	1017.6	0.00	0.0	27	0.19	30	0.013	0.000	23.2	46	11.0	22.9	8.57	1.1813	0.00	116	1	100.0	5
01/06/23	6:50	14.7	14.7	14.7	84	12.0	1.6	NE	0.13	6.4	NE	14.7	14.7	14.7	---	1017.6	0.00	0.0	33	0.24	35	0.013	0.000	23.3	46	11.0	22.9	8.57	1.1811	0.00	115	1	100.0	5
01/06/23	6:55	14.8	14.8	14.7	84	12.1	4.8	NE	0.40	8.0	NE	14.8	14.7	14.7	---	1017.4	0.00	0.0	38	0.27	40	0.012	0.000	23.3	46	11.1	23.0	8.57	1.1806	0.00	116	1	100.0	5
01/06/23	7:00	14.8	14.8	14.8	84	12.1	4.8	NE	0.40	9.7	NE	14.8	14.7	14.7	---	1017.6	0.00	0.0	46	0.33	49	0.012	0.000	23.3	46	11.1	23.0	8.57	1.1808	0.00	116	1	100.0	5
01/06/23	7:05	14.8	14.8	14.8	84	12.1	4.8	NE	0.40	8.0	NE	14.8	14.7	14.7	---	1017.6	0.00	0.0	54	0.39	58	0.012	0.000	23.4	46	11.1	23.1	8.57	1.1806	0.00	116	1	100.0	5
01/06/23	7:10	14.9	14.9	14.8	84	12.2	3.2	NE	0.27	8.0	NE	14.9	14.8	14.8	---	1017.7	0.00	0.0	64	0.46	69	0.012	0.000	23.4	46	11.2	23.1	8.57	1.1804	0.00	117	1	100.0	5
01/06/23	7:15	15.0	15.0	14.9	84	12.3	4.8	NE	0.40	9.7	NE	15.0	14.9	14.9	---	1017.7	0.00	0.0	74	0.53	79	0.012	0.000	23.4	46	11.2	23.1	8.57	1.1805	0.00	116	1	100.0	5
01/06/23	7:20	15.0	15.1	14.9	83	12.1	6.4	NE	0.54	14.5	ENE	15.0	14.9	14.9	---	1017.6	0.00	0.0	87	0.62	91	0.012	0.000	23.4	46	11.2	23.1	8.57	1.1803	0.00	113	1	99.1	5
01/06/23	7:25	15.1	15.1	15.0	83	12.2	4.8	NE	0.40	8.0	N	15.1	15.0	15.0	---	1017.6	0.00	0.0	98	0.70	102	0.011	0.000	23.4	47	11.5	23.2	8.75	1.1799	0.00	113	1	99.1	5
01/06/23	7:30	15.1	15.2	15.1	83	12.2	4.8	NE	0.40	11.3	NNE	15.1	15.1	15.1	---	1017.6	0.00	0.0	111	0.80	116	0.011	0.000	23.5	47	11.5	23.2	8.75	1.1797	0.00	115	1	100.0	5
01/06/23	7:35	15.2	15.2	15.1	83	12.3	6.4	NE	0.54	14.5	NE	15.2	15.1	15.1	---	1017.8	0.00	0.0	124	0.89	128	0.011	0.000	23.5	47	11.5	23.2	8.75	1.1799	0.00	116	1	100.0	5
01/06/23	7:40	15.3	15.3	15.2	83	12.5	3.2	NE	0.27	8.0	NNE	15.3	15.3	15.3	---	1017.8	0.00	0.0	137	0.98	144	0.010	0.000	23.5	47	11.5	23.2	8.75	1.1799	0.00	117	1	100.0	5
01/06/23	7:45	15.4	15.4	15.3	82	12.4	6.4	NNE	0.54	11.3	E	15.4	15.4	15.4	---	1017.8	0.00	0.0	151	1.08	156	0.010	0.000	23.6	47	11.6	23.3	8.75	1.1796	0.00	116	1	100.0	5
01/06/23	7:50	15.6	15.6	15.4	82	12.5	3.2	NE	0.27	9.7	NE	15.6	15.5	15.5	---	1017.9	0.00	0.0	164	1.18	171	0.010	0.000	23.5	47	11.5	23.2	8.75	1.1800	0.00	112	1	98.2	5
01/06/23	7:55	15.6	15.7	15.6	82	12.5	4.8	NE	0.40	12.9	NNE	15.6	15.6	15.6	---	1018.0	0.00	0.0	180	1.29	185	0.009	0.000	23.6	47	11.6	23.3	8.75	1.1798	0.00	114	1	100.0	5
01/06/23	8:00	15.7	15.7	15.6	81	12.5	6.4	NE	0.54	12.9	NNE	15.7	15.7	15.7	---	1017.8	0.00	0.0	192	1.38	197	0.009	0.000	23.6	47	11.6	23.3	8.75	1.1796	0.08	118	1	100.0	5
01/06/23	8:05	15.7	15.8	15.7	82	12.7	6.4	NE	0.54	14.5	NE	15.7	15.7	15.7	---	1017.8	0.00	0.0	204	1.46	209	0.009	0.000	23.6	47	11.6	23.3	8.75	1.1796	0.00	116	1	100.0	5
01/06/23	8:10	15.8	15.8	15.7	81	12.6	6.4	NE	0.54	14.5	NE	15.8	15.8	15.8	---	1017.8	0.00	0.0	217	1.56	223	0.009	0.000	23.6	48	11.9	23.3	8.94	1.1793	0.00	115	1	100.0	5
01/06/23	8:15	15.8	15.8	15.8	81	12.6	6.4	NNE	0.54	16.1	NE	15.8	15.8	15.8	---	1017.8	0.00	0.0	232	1.66	237	0.009	0.000	23.6	48	11.9	23.3	8.94	1.1793	0.00	112	1	98.2	5
01/06/23	8:20	15.9	16.0	15.8	81	12.7	6.4	NNE	0.54	16.1	ENE	15.9	15.9	15.9	---	1017.9	0.00	0.0	244	1.75	250	0.008	0.000	23.6	48	11.9	23.3	8.94	1.1793	0.00	110	1	96.5	5
01/06/23	8:25	16.1	16.2	15.9	80	12.7	6.4	NE	0.54	12.9	N	16.1	16.1	16.1	---	1017.9	0.00	0.0	258	1.85	264	0.008	0.000	23.6	48	11.9	23.3	8.94	1.1794	0.00	116	1	100.0	5
01/06/23	8:30	16.4	16.4	16.1	80	12.9	4.8	ENE	0.40	9.7	E	16.4	16.4	16.4	---	1017.9	0.00	0.0	271	1.94	276	0.007	0.000	23.6	48	11.9	23.3	8.94	1.1793	0.00	107	1	93.9	5
01/06/23	8:35	16.6	16.6	16.4	79	12.9	6.4	NE	0.54	16.1	E	16.6	16.6	16.6	---	1017.9	0.00	0.0	283	2.03	287	0.006	0.000	23.6	48	11.9	23.3	8.94	1.1794	0.00	109	1	95.6	5
01/06/23	8:40	16.8	16.8	16.6	78	13.0	3.2	E	0.27	12.9	E	16.8	16.8	16.8	---	1017.9	0.00	0.0	295	2.11	301	0.005	0.000	23.6	48	12.0	23.4	8.94	1.1792	0.00	117	1	100.0	5
01/06/23	8:45	17.1	17.1	16.8	76	12.8	6.4	ENE	0.54	16.1	ESE	17.1	17.0	17.0	---	1018.0	0.00	0.0	307	2.20	313	0.004	0.000	23.6	48	12.0	23.4	8.94	1.1792	0.00	108	1	94.7	5
01/06/23	8:50	17.1	17.1	17.1	76	12.8	6.4	NE	0.54	16.1	ENE	17.1	17.1	17.1	---	1018.0	0.00	0.0	322	2.31	327	0.004	0.000	23.6	48	12.0	23.4	8.94	1.1793	0.00	100	1	87.7	5
01/06/23	8:55	17.2	17.3	17.1	75	12.7	8.0	NE	0.67	22.5	ESE	17.2	17.1	17.1	---	1018.0	0.00	0.0	333	2.39	338	0.004	0.000	23.6	48	12.0	23.4	8.94	1.1792	0.00	98	1	86.0	5
01/06/23	9:00	17.4	17.4	17.2	75	13.0	6.4	NE	0.54	22.5	E	17.4	17.3	17.3	---	1018.1	0.00	0.0	348	2.49	353	0.003	0.000	23.6	48	12.0	23.4	8.94	1.1793	0.18	107	1	93.9	5
01/06/23	9:05	17.6	17.6	17.4	74	12.9	9.7	E	0.80	17.7	E	17.6	17.4	17.4	---	1018.1	0.00	0.0	361	2.59	366	0.003	0.000	23.6	48	12.0	23.4	8.94	1.1793	0.00	110	1	96.5	5
01/06/23	9:10	17.7	17.8	17.6	73	12.8	6.4	NE	0.54	14.5	E	17.7	17.6	17.6	---	1018.0	0.00	0.0	373	2.67	378	0.002	0.000	23.6	48	11.9	23.3	8.94	1.1795	0.00	106	1	93.0	5
01/06/23	9:15	17.9	17.9	17.7	73	13.0	6.4	ESE	0.54	17.7	ENE	17.9	17.8	17.8	---	1018.1	0.00	0.0	385	2.76	390	0.001	0.000	23.6	48	11.9	23.3	8.94	1.1796	0.00	113	1	99.1	5
01/06/23	9:20	18.2	18.2	17.9	71	12.8	8.0	E	0.67	20.9	ENE	18.2	18.0	18.0	---	1018.1	0.00	0.0	399	2.86	406	0.001	0.000	23.6	48	12.0	23.4	8.94	1.1793	0.00	110	1	96.5	5
01/06/23	9:25	18.3	18.3	18.2	71	13.0	6.4	E	0.54	14.5	ESE	18.3	18.2	18.2	---	1018.1	0.00	0.0	411	2.95	418	0.000	0.000	23.6	48	12.0	23.4	8.94	1.1794	0.00	116	1	100.0	5
01/06/23	9:30	18.3	18.3	18.3	70	12.7	11.3	NE	0.94	22.5	NE	18.3	18.1	18.1	---	1018.1	0.00	0.0	425	3.05	429	0.000	0.000	23.6	48	12.0	23.4	8.94	1.1794	0.00	110	1	96.5	5
01/06/23	9:35	18.4	18.4	18.2	70	12.8	6.4	ENE	0.54	19.3	NE	18.4	18.2	18.2	---	1018.2	0.00	0.0	436	3.13	441	0.000	0.000	23.6	48	12.0	23.4	8.94	1.1795	0.00	110	1	96.5	5
01/06/23	9:40	18.5	18.5	18.4	70	12.9	8.0	NE	0.67	17.7	NNE	18.5	18.4	18.4	---	1018.2	0.00	0.0	448	3.21	452	0.000	0.001	23.6	48	12.0	23.4	8.94	1.1795	0.00	111	1	97.4	5
01/06/23	9:45	18.7	18.7	18.5	69	12.9	9.7	NE	0.80	22.5	NE	18.7	18.6	18.6	---	1018.2	0.00	0.0	459	3.29	464	0.000	0.001	23.6	48	12.0	23.4	8.94	1.1795	0.00	113	1	99.1	5
01/06/23	9:50	18.7	18.7	18.6	70	13.1	8.0	NE	0.67	19.3	ENE	18.7	18.6	18.6	---	1018.2	0.00	0.0	472	3.38	478	0.000	0.001	23.6	48	12.0	23.4	8.94	1.1795	0.00	117	1	100.0	5
01/06/23	9:55	18.8	18.8	18.7	69	13.0	9.7	NE	0.80	17.7	NE	18.8	18.7	18.7	---	1018.2	0.00	0.0	485	3.48	489	0.000	0.002	23.6	48	12.0	23.4	8.94	1.1795	0.00	113	1	99.1	5
01/06/23	10:00	18.9	18.9	18.8	69	13.1	8.0	E	0.67	20.9	ENE	18.9	18.9	18.9	---	1018.2	0.00	0.0	495	3.55	499	0.000	0.002	23.6	48	12.0	23.4	8.94	1.1795	0.28	117	1	100.0	5
01/06/23	10:05	19.3	19.3	18.9	69	13.4	4.8	NE	0.40	14.5	ENE	19.3	19.3	19.3	---	1018.2	0.00	0.0	507	3.63	513	0.000	0.003	23.6	48	11.9	23.3	8.94	1.1797	0.00	115	1	100.0	5
01/06/23	10:10	19.5	19.5	19.3	66	13.0	8.0	E	0.67	16.1	E	19.5	19.4	19.4	---	1018.2	0.00	0.0	521	3.73	526	0.000	0.004	23.6	48	12.0	23.4	8.94	1.1794	0.00	113	1	99.1	5
01/06/23	10:15	19.6	19.6	19.5	67	13.3	6.4	ENE	0.54	20.9	SE	19.6	19.5	19.5	---	1018.3	0.00	0.0	533	3.82	538	0.000	0.004	23.6	48	11.9	23.3	8.94	1.1799	0.00	115	1	100.0	5
01/06/23	10:20	19.8	19.8	19.6	65	13.1	8.0	E	0.67	19.3	E	19.8	19.8	19.8	---	1018.2	0.00	0.0	543	3.89	548	0.000	0.005	23.6	48	12.0	23.4	8.94	1.1795	0.00	114	1	100.0	5
01/06/23	10:25	20.2	20.2	19.8	63	12.9	8.0	ENE	0.67	19.3	E	20.2	20.1	20.1	---	1018.2	0.00	0.0	555	3.98	561	0.000	0.007	23.6	48	11.9	23.3	8.94	1.1797	0.00	113	1	99.1	5
01/06/23	10:30	20.3	20.3	20.2	64	13.3	4.8	NE	0.40	17.7	ESE	20.3	20.3	20.3	---	1018.1	0.00	0.0	568	4.07	573	0.000	0.007	23.6	48	11.9	23.3	8.94	1.1797	0.00	110	1	96.5	5
01/06/23	10:35	20.4	20.4	20.3	63	13.2	6.4	NE	0.54	17.7	NE	20.4	20.3	20.3	---	1018.2	0.00	0.0	580	4.16	584	0.000	0.007	23.6	48	11.9	23.3	8.94	1.1798	0.00	111	1	97.4	5
01/06/23	10:40	20.4	20.4	20.3	63	13.1	8.0	NE	0.67	19.3	ENE	20.4	20.3	20.3	---	1018.2	0.00	0.0	591	4.24	596	0.000	0.007	23.6	48	12.0	23.4	8.94	1.1795	0.00	113	1	99.1	5
01/06/23	10:45	20.4	20.4	20.3	63	13.1	9.7	ENE	0.80	17.7	NE	20.4	20.3	20.3	---	1018.2	0.00	0.0	605	4.34	610	0.000	0.007	23.6	48	11.9	23.3	8.94	1.1797	0.00	117	1	100.0	5
01/06/23	10:50	20.6	20.6	20.4	63	13.3	9.7	E	0.80	19.3	E	20.6	20.4	20.4	---	1018.1	0.00	0.0	616	4.42	619	0.000	0.008	23.6	48	11.9	23.3	8.94	1.1797	0.00	114	1	100.0	5
01/06/23	10:55	20.7	20.7	20.6	62	13.1	8.0	NE	0.67	17.7	NE	20.7	20.5	20.5	---	1018.1	0.00	0.0	625	4.48	628	0.000	0.008	23.6	48	12.0	23.4	8.94	1.1794	0.00	114	1	100.0	5
01/06/23	11:00	20.8	20.9	20.7	63	13.5	6.4	NE	0.54	17.7	ESE	20.8	20.7	20.7	---	1018.1	0.00	0.0	634	4.54	638	0.000	0.009	23.6	48	12.0	23.4	8.94	1.1793	0.41	114	1	100.0	5
01/06/23	11:05	21.0	21.1	20.9	61	13.2	8.0	NE	0.67	19.3	ESE	21.0	20.7	20.7	---	1018.0	0.00	0.0	644	4.62	649	0.000	0.009	23.6	48	12.0	23.4	8.94	1.1792	0.00	112	1	98.2	5
01/06/23	11:10	21.3	21.3	21.1	63	14.0	8.0	ENE	0.67	16.1	ENE	21.3	21.2	21.2	---	1018.2	0.00	0.0	654	4.69	659	0.000	0.010	23.6	48	12.0	23.4	8.94	1.1794	0.00	116	1	100.0	5
01/06/23	11:15	21.1	21.3	21.1	62	13.5	9.7	NE	0.80	19.3	ENE	21.1	20.9	20.9	---	1018.0	0.00	0.0	666	4.77	670	0.000	0.010	23.6	48	12.0	23.4	8.94	1.1793	0.00	118	1	100.0	5
01/06/23	11:20	21.3	21.3	21.1	62	13.7	9.7	ENE	0.80	19.3	NE	21.3	21.1	21.1	---	1018.0	0.00	0.0	672	4.82	675	0.000	0.010	23.7	48	12.0	23.5	8.94	1.1790	0.00	114	1	100.0	5
01/06/23	11:25	21.4	21.4	21.3	60	13.4	9.7	E	0.80	17.7	E	21.4	21.2	21.2	---	1018.1	0.00	0.0	681	4.88	686	0.000	0.011	23.7	48	12.0	23.5	8.94	1.1790	0.00	117	1	100.0	5
01/06/23	11:30	21.7	21.7	21.4	59	13.4	8.0	E	0.67	16.1	NE	21.7	21.4	21.4	---	1018.1	0.00	0.0	692	4.96	694	0.000	0.012	23.6	48	12.0	23.4	8.94	1.1794	0.00	114	1	100.0	5
01/06/23	11:35	21.8	21.8	21.7	60	13.7	9.7	NE	0.80	19.3	ESE	21.8	21.6	21.6	---	1018.1	0.00	0.0	701	5.02	705	0.000	0.012	23.6	48	12.0	23.4	8.94	1.1793	0.00	115	1	100.0	5
01/06/23	11:40	21.6	21.8	21.6	59	13.2	8.0	NE	0.67	20.9	NE	21.6	21.3	21.3	---	1018.1	0.00	0.0	709	5.08	712	0.000	0.011	23.7	48	12.0	23.5	8.94	1.1790	0.00	116	1	100.0	5
01/06/23	11:45	21.9	21.9	21.6	60	13.8	8.0	ENE	0.67	16.1	NE	21.9	21.8	21.8	---	1018.1	0.00	0.0	718	5.15	719	0.000	0.013	23.7	48	12.0	23.5	8.94	1.1791	0.00	116	1	100.0	5
01/06/23	11:50	22.2	22.2	21.9	58	13.5	8.0	NNE	0.67	16.1	E	22.2	22.0	22.0	---	1018.0	0.00	0.0	724	5.19	728	0.000	0.013	23.7	48	12.0	23.5	8.94	1.1790	0.00	112	1	98.2	5
01/06/23	11:55	22.2	22.2	22.1	58	13.6	8.0	ENE	0.67	17.7	SE	22.2	22.1	22.1	---	1018.0	0.00	0.0	734	5.26	737	0.000	0.014	23.7	48	12.0	23.5	8.94	1.1790	0.00	107	1	93.9	5
01/06/23	12:00	22.3	22.3	22.2	59	13.9	6.4	NE	0.54	14.5	NE	22.3	22.3	22.3	---	1018.0	0.00	0.0	742	5.32	744	0.000	0.014	23.7	48	12.1	23.6	8.94	1.1787	0.51	112	1	98.2	5
01/06/23	12:05	22.8	22.8	22.3	57	13.9	4.8	ENE	0.40	12.9	SE	22.8	22.8	22.8	---	1017.9	0.00	0.0	749	5.37	752	0.000	0.016	23.7	48	12.1	23.6	8.94	1.1786	0.00	116	1	100.0	5
01/06/23	12:10	22.9	22.9	22.8	56	13.6	8.0	NE	0.67	22.5	ENE	22.9	22.9	22.9	---	1017.9	0.00	0.0	756	5.42	759	0.000	0.016	23.7	48	12.1	23.6	8.94	1.1786	0.00	111	1	97.4	5
01/06/23	12:15	22.6	22.9	22.6	56	13.4	12.9	NE	1.07	24.1	E	22.3	22.5	22.2	---	1018.0	0.00	0.0	763	5.47	766	0.000	0.015	23.7	48	12.1	23.6	8.94	1.1787	0.00	116	1	100.0	5
01/06/23	12:20	22.9	22.9	22.6	56	13.7	6.4	NE	0.54	19.3	NE	22.9	22.9	22.9	---	1017.9	0.00	0.0	769	5.51	772	0.000	0.016	23.7	48	12.1	23.6	8.94	1.1786	0.00	110	1	96.5	5
01/06/23	12:25	23.1	23.1	22.9	55	13.6	9.7	ESE	0.80	20.9	SE	23.1	23.1	23.1	---	1017.9	0.00	0.0	775	5.55	777	0.000	0.017	23.7	48	12.1	23.6	8.94	1.1786	0.00	113	1	99.1	5
01/06/23	12:30	23.3	23.3	23.1	55	13.7	11.3	E	0.94	24.1	ESE	23.3	23.3	23.3	---	1017.9	0.00	0.0	780	5.59	782	0.000	0.017	23.7	48	12.1	23.6	8.94	1.1785	0.00	115	1	100.0	5
01/06/23	12:35	23.5	23.5	23.3	55	13.9	9.7	E	0.80	17.7	ENE	23.5	23.6	23.6	---	1017.8	0.00	0.0	784	5.62	786	0.000	0.018	23.7	48	12.1	23.6	8.94	1.1784	0.00	117	1	100.0	5
01/06/23	12:40	23.7	23.7	23.5	55	14.1	9.7	ENE	0.80	19.3	E	23.7	23.8	23.8	---	1017.8	0.00	0.0	790	5.66	795	0.000	0.019	23.8	48	12.1	23.6	8.95	1.1782	0.00	114	1	100.0	5
01/06/23	12:45	23.9	23.9	23.6	55	14.3	6.4	NE	0.54	17.7	NE	23.9	24.1	24.1	---	1017.7	0.00	0.0	796	5.71	800	0.000	0.019	23.8	48	12.1	23.6	8.95	1.1781	0.00	115	1	100.0	5
01/06/23	12:50	23.9	24.0	23.9	54	14.1	8.0	E	0.67	20.9	ENE	23.9	24.0	24.0	---	1017.7	0.00	0.0	800	5.73	800	0.000	0.019	23.8	48	12.1	23.6	8.95	1.1781	0.00	114	1	100.0	5
01/06/23	12:55	24.2	24.3	24.0	53	14.0	8.0	NE	0.67	17.7	NE	24.2	24.3	24.3	---	1017.8	0.00	0.0	802	5.75	803	0.000	0.020	23.8	48	12.1	23.6	8.95	1.1782	0.00	115	1	100.0	5
01/06/23	13:00	24.3	24.3	24.2	52	13.8	9.7	ENE	0.80	25.7	NNE	24.3	24.3	24.3	---	1017.7	0.00	0.0	809	5.80	810	0.000	0.021	23.8	48	12.2	23.7	8.95	1.1778	0.61	111	1	97.4	5
01/06/23	13:05	24.6	24.6	24.2	52	14.0	8.0	NE	0.67	16.1	NE	24.6	24.6	24.6	---	1017.7	0.00	0.0	811	5.81	812	0.000	0.022	23.8	48	12.2	23.7	8.95	1.1778	0.00	117	1	100.0	5
01/06/23	13:10	24.7	24.7	24.6	52	14.2	8.0	NE	0.67	17.7	NNE	24.7	24.7	24.7	---	1017.5	0.00	0.0	816	5.85	817	0.000	0.022	23.8	48	12.2	23.7	8.95	1.1776	0.00	113	1	99.1	5
01/06/23	13:15	24.7	24.8	24.7	51	13.9	9.7	NE	0.80	24.1	NE	24.7	24.7	24.7	---	1017.6	0.00	0.0	818	5.86	821	0.000	0.022	23.8	48	12.2	23.7	8.95	1.1777	0.00	111	1	97.4	5
01/06/23	13:20	24.8	24.8	24.6	50	13.7	9.7	ESE	0.80	22.5	NE	24.8	24.8	24.8	---	1017.5	0.00	0.0	823	5.90	824	0.000	0.023	23.9	48	12.2	23.7	8.95	1.1773	0.00	110	1	96.5	5
01/06/23	13:25	25.4	25.4	24.9	48	13.6	6.4	ESE	0.54	27.4	E	25.4	25.3	25.3	---	1017.6	0.00	0.0	826	5.92	826	0.000	0.025	23.9	48	12.2	23.7	8.95	1.1774	0.00	114	1	100.0	5
01/06/23	13:30	25.4	25.4	25.4	48	13.6	8.0	E	0.67	19.3	E	25.4	25.3	25.3	---	1017.5	0.00	0.0	828	5.93	833	0.000	0.025	23.9	48	12.2	23.7	8.95	1.1773	0.00	111	1	97.4	5
01/06/23	13:35	25.7	25.7	25.4	48	13.8	6.4	NE	0.54	14.5	SE	25.7	25.5	25.5	---	1017.4	0.00	0.0	834	5.98	835	0.000	0.025	23.9	48	12.3	23.8	8.95	1.1769	0.00	117	1	100.0	5
01/06/23	13:40	25.8	25.8	25.7	47	13.6	9.7	E	0.80	24.1	NE	25.8	25.6	25.6	---	1017.4	0.00	0.0	835	5.98	837	0.000	0.026	24.0	48	12.3	23.8	8.95	1.1767	0.00	115	1	100.0	5
01/06/23	13:45	25.7	25.8	25.7	47	13.5	9.7	E	0.80	22.5	ESE	25.7	25.4	25.4	---	1017.4	0.00	0.0	832	5.96	838	0.000	0.025	24.0	48	12.3	23.8	8.95	1.1766	0.00	114	1	100.0	5
01/06/23	13:50	25.9	25.9	25.7	47	13.7	6.4	ENE	0.54	17.7	ENE	25.9	25.7	25.7	---	1017.4	0.00	0.0	832	5.96	838	0.000	0.026	24.0	48	12.3	23.8	8.95	1.1766	0.00	117	1	100.0	5
01/06/23	13:55	26.0	26.0	25.9	46	13.5	6.4	NE	0.54	17.7	NE	26.0	25.7	25.7	---	1017.4	0.00	0.0	827	5.93	835	0.000	0.027	24.0	47	12.0	23.8	8.75	1.1770	0.00	117	1	100.0	5
01/06/23	14:00	25.8	26.0	25.8	46	13.3	9.7	NE	0.80	22.5	NE	25.8	25.6	25.6	---	1017.4	0.00	0.0	829	5.94	837	0.000	0.026	24.1	47	12.0	23.8	8.74	1.1767	0.66	115	1	100.0	5
01/06/23	14:05	26.2	26.2	25.8	45	13.3	8.0	E	0.67	19.3	E	26.2	25.9	25.9	---	1017.4	0.00	0.0	839	6.01	842	0.000	0.027	24.1	47	12.0	23.8	8.74	1.1767	0.00	116	1	100.0	5
01/06/23	14:10	26.4	26.4	26.2	45	13.5	9.7	E	0.80	29.0	ENE	26.4	26.1	26.1	---	1017.4	0.00	0.0	833	5.97	837	0.000	0.028	24.1	47	12.0	23.8	8.74	1.1767	0.00	114	1	100.0	5
01/06/23	14:15	26.6	26.6	26.3	44	13.4	8.0	ESE	0.67	29.0	NE	26.6	26.2	26.2	---	1017.4	0.00	0.0	838	6.01	842	0.000	0.029	24.1	47	12.1	23.9	8.74	1.1764	0.00	111	1	97.4	5
01/06/23	14:20	26.7	26.8	26.6	44	13.5	9.7	SE	0.80	19.3	SSE	26.7	26.3	26.3	---	1017.4	0.00	0.0	831	5.96	835	0.000	0.029	24.1	47	12.0	23.8	8.74	1.1767	0.00	115	1	100.0	5
01/06/23	14:25	26.8	26.9	26.8	44	13.5	9.7	E	0.80	24.1	NE	26.8	26.4	26.4	---	1017.3	0.00	0.0	828	5.93	830	0.000	0.029	24.1	47	12.1	23.9	8.74	1.1763	0.00	115	1	100.0	5
01/06/23	14:30	26.4	26.8	26.4	45	13.5	8.0	NNE	0.67	19.3	NNE	26.4	26.1	26.1	---	1017.1	0.00	0.0	828	5.93	831	0.000	0.028	24.1	47	12.1	23.9	8.74	1.1761	0.00	111	1	97.4	5
01/06/23	14:35	26.7	26.7	26.5	44	13.4	8.0	E	0.67	24.1	ESE	26.7	26.3	26.3	---	1017.2	0.00	0.0	830	5.95	835	0.000	0.029	24.1	47	12.1	23.9	8.74	1.1762	0.00	113	1	99.1	5
01/06/23	14:40	27.1	27.1	26.6	43	13.4	8.0	ESE	0.67	22.5	ESE	27.1	26.6	26.6	---	1017.8	0.00	0.0	828	5.93	835	0.000	0.030	24.1	47	12.1	23.9	8.74	1.1769	0.00	113	1	99.1	5
01/06/23	14:45	27.2	27.2	27.1	43	13.6	6.4	E	0.54	16.1	ENE	27.2	26.8	26.8	---	1017.2	0.00	0.0	826	5.92	828	0.000	0.031	24.2	47	12.1	23.9	8.74	1.1759	0.00	115	1	100.0	5
01/06/23	14:50	27.2	27.3	27.2	42	13.2	6.4	ESE	0.54	14.5	SE	27.2	26.7	26.7	---	1017.1	0.00	0.0	820	5.88	823	0.000	0.031	24.2	47	12.1	23.9	8.74	1.1758	0.00	117	1	100.0	5
01/06/23	14:55	27.3	27.3	27.2	42	13.2	8.0	E	0.67	20.9	E	27.3	26.8	26.8	---	1017.2	0.00	0.0	821	5.88	824	0.000	0.031	24.2	47	12.1	23.9	8.74	1.1759	0.00	116	1	100.0	5
01/06/23	15:00	27.2	27.3	27.1	44	13.9	6.4	E	0.54	14.5	SSE	27.2	26.8	26.8	---	1017.2	0.00	0.0	813	5.83	817	0.000	0.031	24.2	47	12.2	24.0	8.74	1.1756	0.69	116	1	100.0	5
01/06/23	15:05	27.6	27.6	27.2	42	13.5	6.4	E	0.54	14.5	E	27.6	27.1	27.1	---	1017.1	0.00	0.0	812	5.82	824	0.000	0.032	24.2	47	12.1	23.9	8.74	1.1758	0.00	114	1	100.0	5
01/06/23	15:10	27.8	27.8	27.5	42	13.7	6.4	SE	0.54	16.1	E	27.8	27.3	27.3	---	1017.0	0.00	0.0	806	5.78	810	0.000	0.033	24.2	47	12.2	24.0	8.74	1.1754	0.00	116	1	100.0	5
01/06/23	15:15	27.9	27.9	27.7	41	13.5	6.4	ENE	0.54	17.7	SE	27.9	27.4	27.4	---	1017.1	0.00	0.0	805	5.77	814	0.000	0.033	24.3	47	12.2	24.1	8.74	1.1752	0.00	115	1	100.0	5
01/06/23	15:20	27.7	28.0	27.7	42	13.6	9.7	E	0.80	17.7	E	27.7	27.2	27.2	---	1017.0	0.00	0.0	802	5.75	803	0.000	0.032	24.2	47	12.2	24.0	8.74	1.1754	0.00	116	1	100.0	5
01/06/23	15:25	27.3	27.7	27.3	42	13.3	8.0	ENE	0.67	20.9	E	27.3	26.8	26.8	---	1017.0	0.00	0.0	801	5.74	803	0.000	0.031	24.2	46	11.9	23.9	8.54	1.1758	0.00	112	1	98.2	5
01/06/23	15:30	27.4	27.4	27.2	43	13.7	9.7	ESE	0.80	29.0	E	27.4	27.0	27.0	---	1016.9	0.00	0.0	789	5.66	796	0.000	0.031	24.3	46	11.9	24.0	8.54	1.1753	0.00	109	1	95.6	5
01/06/23	15:35	27.3	27.4	27.3	43	13.7	8.0	ENE	0.67	17.7	NE	27.3	26.9	26.9	---	1017.0	0.00	0.0	791	5.67	793	0.000	0.031	24.3	46	11.9	24.0	8.54	1.1755	0.00	106	1	93.0	5
01/06/23	15:40	27.2	27.3	27.2	45	14.3	6.4	NE	0.54	16.1	NE	27.2	26.9	26.9	---	1016.9	0.00	0.0	795	5.70	803	0.000	0.031	24.3	46	12.0	24.1	8.53	1.1750	0.00	114	1	100.0	5
01/06/23	15:45	27.3	27.3	27.2	43	13.6	9.7	E	0.80	22.5	E	27.3	26.8	26.8	---	1016.9	0.00	0.0	760	5.45	766	0.000	0.031	24.3	46	12.0	24.1	8.53	1.1751	0.00	103	1	90.4	5
01/06/23	15:50	27.5	27.5	27.3	43	13.8	9.7	E	0.80	20.9	SSE	27.5	27.1	27.1	---	1016.8	0.00	0.0	774	5.55	789	0.000	0.032	24.3	46	12.0	24.1	8.53	1.1750	0.00	113	1	99.1	5
01/06/23	15:55	27.5	27.6	27.4	43	13.8	9.7	NE	0.80	24.1	NNE	27.5	27.1	27.1	---	1016.8	0.00	0.0	794	5.69	802	0.000	0.032	24.3	46	12.0	24.1	8.53	1.1750	0.00	111	1	97.4	5
01/06/23	16:00	27.3	27.5	27.2	43	13.6	8.0	NE	0.67	19.3	NE	27.3	26.8	26.8	---	1016.8	0.00	0.0	756	5.42	758	0.000	0.031	24.4	46	12.0	24.1	8.53	1.1747	0.66	105	1	92.1	5
01/06/23	16:05	27.7	27.7	27.2	43	14.0	6.4	SE	0.54	16.1	SE	27.7	27.3	27.3	---	1016.7	0.00	0.0	750	5.38	754	0.000	0.032	24.3	46	12.0	24.1	8.53	1.1749	0.00	94	1	82.5	5
01/06/23	16:10	27.8	27.9	27.7	43	14.1	6.4	NE	0.54	19.3	NE	27.8	27.5	27.5	---	1016.7	0.00	0.0	741	5.31	744	0.000	0.033	24.4	46	12.0	24.1	8.53	1.1746	0.00	91	1	79.8	5
01/06/23	16:15	27.7	27.8	27.7	42	13.6	8.0	NE	0.67	19.3	NE	27.7	27.2	27.2	---	1016.4	0.00	0.0	740	5.30	744	0.000	0.032	24.4	46	12.1	24.2	8.53	1.1739	0.00	92	1	80.7	5
01/06/23	16:20	27.8	27.8	27.7	42	13.7	8.0	E	0.67	17.7	NE	27.8	27.3	27.3	---	1016.5	0.00	0.0	740	5.30	752	0.000	0.033	24.6	46	12.2	24.3	8.53	1.1735	0.00	110	1	96.5	5
01/06/23	16:25	27.8	27.8	27.7	42	13.7	9.7	NE	0.80	17.7	NE	27.8	27.3	27.3	---	1016.4	0.00	0.0	724	5.19	735	0.000	0.033	24.6	46	12.2	24.3	8.52	1.1732	0.00	111	1	97.4	5
01/06/23	16:30	27.5	27.8	27.5	42	13.4	9.7	ENE	0.80	20.9	NE	27.5	27.1	27.1	---	1016.4	0.00	0.0	725	5.20	733	0.000	0.032	24.6	46	12.2	24.3	8.52	1.1731	0.00	115	1	100.0	5
01/06/23	16:35	27.4	27.4	27.3	42	13.3	9.7	E	0.80	20.9	ENE	27.4	26.9	26.9	---	1016.3	0.00	0.0	565	4.05	728	0.000	0.031	24.7	46	12.3	24.4	8.52	1.1728	0.00	114	1	100.0	5
01/06/23	16:40	27.7	27.7	27.4	42	13.6	9.7	ESE	0.80	19.3	ENE	27.7	27.2	27.2	---	1016.3	0.00	0.0	704	5.05	708	0.000	0.032	24.7	46	12.3	24.4	8.52	1.1728	0.00	117	1	100.0	5
01/06/23	16:45	27.9	27.9	27.7	41	13.5	4.8	E	0.40	11.3	E	27.9	27.4	27.4	---	1016.2	0.00	0.0	700	5.02	703	0.000	0.033	24.7	46	12.3	24.4	8.52	1.1726	0.00	117	1	100.0	5
01/06/23	16:50	28.2	28.2	27.9	40	13.3	6.4	E	0.54	14.5	E	28.2	27.6	27.6	---	1016.1	0.00	0.0	700	5.02	701	0.000	0.034	24.7	46	12.3	24.4	8.52	1.1724	0.00	114	1	100.0	5
01/06/23	16:55	28.4	28.5	28.2	39	13.1	4.8	E	0.40	16.1	ESE	28.4	27.8	27.8	---	1016.1	0.00	0.0	527	3.78	684	0.000	0.035	24.7	46	12.3	24.4	8.52	1.1725	0.00	116	1	100.0	5
01/06/23	17:00	27.9	28.4	27.9	40	13.1	8.0	ENE	0.67	16.1	E	27.9	27.3	27.3	---	1016.1	0.00	0.0	681	4.88	687	0.000	0.033	24.7	46	12.3	24.4	8.52	1.1724	0.58	117	1	100.0	5
01/06/23	17:05	27.8	27.9	27.7	40	12.9	8.0	NE	0.67	19.3	E	27.8	27.2	27.2	---	1016.0	0.00	0.0	672	4.82	673	0.000	0.033	24.7	46	12.3	24.4	8.52	1.1724	0.00	117	1	100.0	5
01/06/23	17:10	27.6	27.7	27.5	39	12.4	9.7	ENE	0.80	19.3	E	27.6	26.8	26.8	---	1016.1	0.00	0.0	333	2.39	652	0.000	0.032	24.7	46	12.3	24.4	8.52	1.1725	0.00	117	1	100.0	5
01/06/23	17:15	27.9	27.9	27.5	39	12.7	8.0	E	0.67	16.1	ENE	27.9	27.3	27.3	---	1015.9	0.00	0.0	639	4.58	647	0.000	0.033	24.7	46	12.3	24.4	8.52	1.1720	0.00	113	1	99.1	5
01/06/23	17:20	28.2	28.2	27.9	39	12.9	8.0	E	0.67	19.3	E	28.2	27.5	27.5	---	1016.0	0.00	0.0	620	4.44	622	0.000	0.034	24.8	46	12.4	24.5	8.52	1.1718	0.00	112	1	98.2	5
01/06/23	17:25	28.1	28.3	28.1	39	12.9	8.0	NE	0.67	17.7	ESE	28.1	27.4	27.4	---	1015.9	0.00	0.0	630	4.52	636	0.000	0.034	24.8	46	12.4	24.6	8.52	1.1714	0.00	116	1	100.0	5
01/06/23	17:30	28.0	28.1	27.9	39	12.8	8.0	ENE	0.67	17.7	N	28.0	27.3	27.3	---	1015.9	0.00	0.0	617	4.42	633	0.000	0.034	24.9	46	12.5	24.7	8.51	1.1709	0.00	116	1	100.0	5
01/06/23	17:35	27.9	28.0	27.9	40	13.1	8.0	NE	0.67	16.1	NE	27.9	27.3	27.3	---	1015.8	0.00	0.0	621	4.45	643	0.000	0.033	24.9	46	12.5	24.7	8.51	1.1708	0.00	117	1	100.0	5
01/06/23	17:40	27.9	27.9	27.9	39	12.7	11.3	E	0.94	20.9	ESE	27.9	27.2	27.2	---	1015.9	0.00	0.0	601	4.31	617	0.000	0.033	25.1	46	12.6	24.8	8.51	1.1703	0.00	117	1	100.0	5
01/06/23	17:45	28.1	28.1	27.8	39	12.8	4.8	E	0.40	12.9	E	28.1	27.4	27.4	---	1015.7	0.00	0.0	274	1.96	568	0.000	0.034	25.1	46	12.7	24.8	8.51	1.1699	0.00	115	1	100.0	5
01/06/23	17:50	28.2	28.3	28.1	39	13.0	6.4	NE	0.54	20.9	NE	28.2	27.6	27.6	---	1015.6	0.00	0.0	565	4.05	573	0.000	0.034	25.2	46	12.7	24.9	8.50	1.1695	0.00	116	1	100.0	5
01/06/23	17:55	28.2	28.2	28.1	38	12.5	9.7	ESE	0.80	25.7	NE	28.2	27.4	27.4	---	1015.8	0.00	0.0	559	4.01	561	0.000	0.034	25.2	46	12.8	24.9	8.50	1.1693	0.00	116	1	100.0	5
01/06/23	18:00	28.0	28.2	28.0	38	12.4	8.0	E	0.67	17.7	E	28.0	27.3	27.3	---	1015.7	0.00	0.0	442	3.17	555	0.000	0.034	25.3	45	12.5	24.9	8.40	1.1694	0.46	117	1	100.0	5
01/06/23	18:05	28.1	28.1	27.9	38	12.5	8.0	E	0.67	17.7	ESE	28.1	27.4	27.4	---	1015.8	0.00	0.0	552	3.96	561	0.000	0.034	25.3	45	12.5	24.9	8.40	1.1692	0.00	117	1	100.0	5
01/06/23	18:10	28.2	28.2	28.1	37	12.1	8.0	E	0.67	19.3	ESE	28.2	27.4	27.4	---	1015.6	0.00	0.0	319	2.29	538	0.000	0.034	25.4	45	12.6	25.1	8.39	1.1685	0.00	115	1	100.0	5
01/06/23	18:15	28.1	28.1	28.0	38	12.4	8.0	ESE	0.67	14.5	ESE	28.1	27.3	27.3	---	1015.6	0.00	0.0	329	2.36	534	0.000	0.034	25.4	45	12.6	25.1	8.39	1.1684	0.00	115	1	100.0	5
01/06/23	18:20	28.2	28.2	28.0	38	12.6	6.4	ENE	0.54	19.3	E	28.2	27.5	27.5	---	1015.6	0.00	0.0	519	3.72	527	0.000	0.034	25.4	45	12.6	25.1	8.39	1.1684	0.00	113	1	99.1	5
01/06/23	18:25	28.0	28.2	28.0	39	12.8	12.9	E	1.07	24.1	SSE	27.8	27.3	27.2	---	1015.6	0.00	0.0	504	3.61	510	0.000	0.034	25.6	45	12.7	25.2	8.39	1.1679	0.00	114	1	100.0	5
01/06/23	18:30	28.0	28.1	27.9	38	12.4	8.0	NE	0.67	17.7	NE	28.0	27.3	27.3	---	1015.6	0.00	0.0	486	3.48	490	0.000	0.034	25.6	45	12.7	25.2	8.39	1.1679	0.00	116	1	100.0	5
01/06/23	18:35	27.8	28.0	27.8	38	12.2	11.3	NE	0.94	20.9	NE	27.8	27.1	27.1	---	1015.5	0.00	0.0	472	3.38	478	0.000	0.033	25.6	44	12.4	25.2	8.19	1.1680	0.00	116	1	100.0	5
01/06/23	18:40	27.8	27.8	27.8	39	12.6	9.7	E	0.80	24.1	ESE	27.8	27.1	27.1	---	1015.6	0.00	0.0	353	2.53	438	0.000	0.033	25.6	44	12.4	25.2	8.19	1.1680	0.00	114	1	100.0	5
01/06/23	18:45	27.7	27.8	27.7	39	12.5	8.0	E	0.67	19.3	NNE	27.7	27.1	27.1	---	1015.5	0.00	0.0	408	2.92	424	0.000	0.033	25.7	44	12.5	25.2	8.19	1.1677	0.00	118	1	100.0	5
01/06/23	18:50	27.8	27.8	27.7	40	12.9	6.4	ENE	0.54	16.1	ENE	27.8	27.2	27.2	---	1015.5	0.00	0.0	422	3.02	429	0.000	0.033	25.7	44	12.6	25.3	8.18	1.1673	0.00	116	1	100.0	5
01/06/23	18:55	27.8	27.8	27.8	40	12.9	8.0	NE	0.67	27.4	ESE	27.8	27.2	27.2	---	1015.5	0.00	0.0	407	2.92	411	0.000	0.033	25.7	44	12.6	25.3	8.18	1.1673	0.00	116	1	100.0	5
01/06/23	19:00	27.7	27.8	27.7	41	13.2	9.7	NE	0.80	27.4	ESE	27.7	27.1	27.1	---	1015.4	0.00	0.0	393	2.82	397	0.000	0.032	25.8	44	12.6	25.3	8.18	1.1670	0.38	117	1	100.0	5
01/06/23	19:05	27.7	27.7	27.7	41	13.3	6.4	E	0.54	17.7	ENE	27.7	27.2	27.2	---	1015.4	0.00	0.0	369	2.64	381	0.000	0.033	25.8	44	12.6	25.3	8.18	1.1670	0.00	114	1	100.0	5
01/06/23	19:10	27.8	27.8	27.7	41	13.3	8.0	ENE	0.67	17.7	E	27.8	27.3	27.3	---	1015.5	0.00	0.0	339	2.43	352	0.000	0.033	25.8	44	12.7	25.4	8.18	1.1668	0.00	115	1	100.0	5
01/06/23	19:15	27.6	27.8	27.6	41	13.1	8.0	NE	0.67	19.3	NE	27.6	27.0	27.0	---	1015.4	0.00	0.0	313	2.24	322	0.000	0.032	25.8	44	12.6	25.3	8.18	1.1670	0.00	115	1	100.0	5
01/06/23	19:20	27.6	27.7	27.6	41	13.1	4.8	NE	0.40	16.1	NE	27.6	27.0	27.0	---	1015.4	0.00	0.0	311	2.23	315	0.000	0.032	25.8	44	12.6	25.3	8.18	1.1669	0.00	113	1	99.1	5
01/06/23	19:25	27.6	27.6	27.6	42	13.5	6.4	E	0.54	20.9	ESE	27.6	27.1	27.1	---	1015.4	0.00	0.0	305	2.19	308	0.000	0.032	25.7	44	12.6	25.3	8.18	1.1672	0.00	116	1	100.0	5
01/06/23	19:30	27.5	27.6	27.5	42	13.4	8.0	ENE	0.67	29.0	ENE	27.5	27.1	27.1	---	1015.4	0.00	0.0	291	2.09	301	0.000	0.032	25.7	44	12.5	25.2	8.19	1.1676	0.00	115	1	100.0	5
01/06/23	19:35	27.3	27.5	27.3	41	12.9	11.3	ENE	0.94	24.1	ENE	27.3	26.8	26.8	---	1015.4	0.00	0.0	270	1.94	278	0.000	0.031	25.7	44	12.5	25.2	8.19	1.1675	0.00	115	1	100.0	5
01/06/23	19:40	27.3	27.4	27.3	41	12.9	6.4	E	0.54	16.1	E	27.3	26.8	26.8	---	1015.4	0.00	0.0	140	1.00	255	0.000	0.031	25.6	44	12.4	25.2	8.19	1.1678	0.00	117	1	100.0	5
01/06/23	19:45	27.2	27.3	27.2	43	13.6	8.0	NE	0.67	16.1	NNE	27.2	26.8	26.8	---	1015.4	0.00	0.0	203	1.46	237	0.000	0.031	25.6	44	12.4	25.1	8.19	1.1681	0.00	116	1	100.0	5
01/06/23	19:50	27.2	27.2	27.2	43	13.5	8.0	ENE	0.67	20.9	ESE	27.2	26.7	26.7	---	1015.5	0.00	0.0	227	1.63	232	0.000	0.031	25.6	44	12.4	25.1	8.19	1.1682	0.00	116	1	100.0	5
01/06/23	19:55	27.1	27.2	27.1	43	13.5	8.0	ENE	0.67	16.1	NE	27.1	26.7	26.7	---	1015.4	0.00	0.0	215	1.54	220	0.000	0.030	25.6	44	12.4	25.1	8.19	1.1681	0.00	116	1	100.0	5
01/06/23	20:00	27.1	27.2	27.1	43	13.5	8.0	ENE	0.67	20.9	NE	27.1	26.7	26.7	---	1015.4	0.00	0.0	204	1.46	207	0.000	0.030	25.5	44	12.3	25.1	8.19	1.1684	0.25	113	1	99.1	5
01/06/23	20:05	27.1	27.1	27.1	44	13.8	6.4	NE	0.54	16.1	NE	27.1	26.7	26.7	---	1015.4	0.00	0.0	189	1.35	197	0.000	0.030	25.4	44	12.3	25.0	8.19	1.1686	0.00	117	1	100.0	5
01/06/23	20:10	26.9	27.1	26.9	44	13.6	8.0	NE	0.67	22.5	NE	26.9	26.5	26.5	---	1015.4	0.00	0.0	175	1.25	181	0.000	0.030	25.4	44	12.3	25.0	8.19	1.1686	0.00	112	1	98.2	5
01/06/23	20:15	26.8	26.9	26.8	44	13.6	8.0	NE	0.67	22.5	NE	26.8	26.4	26.4	---	1015.4	0.00	0.0	162	1.16	167	0.000	0.030	25.4	44	12.3	25.0	8.19	1.1686	0.00	117	1	100.0	5
01/06/23	20:20	26.8	26.8	26.8	44	13.5	8.0	NE	0.67	17.7	NE	26.8	26.4	26.4	---	1015.5	0.00	0.0	150	1.08	155	0.000	0.029	25.4	44	12.2	24.9	8.20	1.1690	0.00	113	1	99.1	5
01/06/23	20:25	26.8	26.8	26.8	45	13.9	4.8	NE	0.40	12.9	NNE	26.8	26.4	26.4	---	1015.5	0.00	0.0	138	0.99	142	0.000	0.029	25.4	44	12.2	24.9	8.20	1.1690	0.00	114	1	100.0	5
01/06/23	20:30	26.8	26.8	26.8	45	13.9	6.4	ENE	0.54	14.5	E	26.8	26.4	26.4	---	1015.5	0.00	0.0	125	0.90	130	0.000	0.029	25.3	44	12.2	24.9	8.20	1.1693	0.00	114	1	100.0	5
01/06/23	20:35	26.7	26.8	26.7	45	13.7	6.4	NE	0.54	16.1	ENE	26.7	26.3	26.3	---	1015.5	0.00	0.0	112	0.80	118	0.000	0.029	25.3	44	12.2	24.9	8.20	1.1692	0.00	117	1	100.0	5
01/06/23	20:40	26.6	26.7	26.6	45	13.7	4.8	NE	0.40	11.3	E	26.6	26.3	26.3	---	1015.5	0.00	0.0	99	0.71	104	0.000	0.029	25.3	44	12.1	24.9	8.20	1.1695	0.00	116	1	100.0	5
01/06/23	20:45	26.4	26.6	26.4	46	13.9	4.8	NE	0.40	9.7	ENE	26.4	26.2	26.2	---	1015.5	0.00	0.0	85	0.61	88	0.000	0.028	25.3	45	12.5	24.9	8.40	1.1691	0.00	115	1	100.0	5
01/06/23	20:50	26.4	26.5	26.4	46	13.8	3.2	ENE	0.27	11.3	E	26.4	26.1	26.1	---	1015.4	0.00	0.0	75	0.54	81	0.000	0.028	25.3	45	12.5	24.9	8.40	1.1691	0.00	115	1	100.0	5
01/06/23	20:55	26.3	26.4	26.3	46	13.7	4.8	NE	0.40	12.9	ENE	26.3	26.0	26.0	---	1015.5	0.00	0.0	63	0.45	69	0.000	0.028	25.2	45	12.4	24.9	8.40	1.1694	0.00	116	1	100.0	5
01/06/23	21:00	26.1	26.3	26.1	47	13.9	6.4	NE	0.54	14.5	NE	26.1	25.8	25.8	---	1015.6	0.00	0.0	43	0.31	54	0.000	0.027	25.2	45	12.4	24.9	8.40	1.1696	0.13	117	1	100.0	5
01/06/23	21:05	25.9	26.1	25.9	47	13.7	4.8	NE	0.40	11.3	NE	25.9	25.7	25.7	---	1015.5	0.00	0.0	29	0.21	30	0.000	0.026	25.2	45	12.4	24.8	8.40	1.1697	0.00	117	1	100.0	5
01/06/23	21:10	25.8	25.9	25.8	48	13.9	3.2	NE	0.27	12.9	ENE	25.8	25.6	25.6	---	1015.5	0.00	0.0	27	0.19	28	0.000	0.026	25.2	45	12.4	24.8	8.40	1.1697	0.00	116	1	100.0	5
01/06/23	21:15	25.6	25.8	25.6	48	13.8	3.2	NE	0.27	6.4	E	25.6	25.4	25.4	---	1015.6	0.00	0.0	25	0.18	26	0.000	0.025	25.2	45	12.4	24.8	8.40	1.1698	0.00	114	1	100.0	5
01/06/23	21:20	25.5	25.7	25.5	48	13.7	4.8	NE	0.40	12.9	E	25.5	25.3	25.3	---	1015.6	0.00	0.0	22	0.16	23	0.000	0.025	25.1	45	12.3	24.8	8.41	1.1701	0.00	114	1	100.0	5
01/06/23	21:25	25.4	25.5	25.4	48	13.6	4.8	NE	0.40	11.3	NE	25.4	25.3	25.3	---	1015.6	0.00	0.0	19	0.14	19	0.000	0.025	25.1	45	12.3	24.8	8.41	1.1701	0.00	115	1	100.0	5
01/06/23	21:30	25.3	25.4	25.3	48	13.5	3.2	NE	0.27	11.3	ENE	25.3	25.2	25.2	---	1015.6	0.00	0.0	15	0.11	16	0.000	0.024	25.1	45	12.3	24.8	8.41	1.1702	0.00	116	1	100.0	5
01/06/23	21:35	25.2	25.3	25.2	49	13.7	4.8	NE	0.40	9.7	NE	25.2	25.1	25.1	---	1015.6	0.00	0.0	12	0.09	14	0.000	0.024	25.1	45	12.3	24.7	8.41	1.1704	0.00	116	1	100.0	5
01/06/23	21:40	24.9	25.2	24.9	49	13.5	4.8	NE	0.40	8.0	E	24.9	24.8	24.8	---	1015.8	0.00	0.0	10	0.07	11	0.000	0.023	25.1	45	12.3	24.7	8.41	1.1705	0.00	115	1	100.0	5
01/06/23	21:45	24.9	25.0	24.9	50	13.8	3.2	NE	0.27	11.3	E	24.9	24.8	24.8	---	1015.8	0.00	0.0	8	0.06	9	0.000	0.023	25.0	45	12.2	24.7	8.41	1.1708	0.00	112	1	98.2	5
01/06/23	21:50	24.7	24.9	24.7	50	13.6	3.2	NE	0.27	12.9	ENE	24.7	24.7	24.7	---	1015.9	0.00	0.0	4	0.03	5	0.000	0.022	25.0	45	12.2	24.7	8.41	1.1709	0.00	115	1	100.0	5
01/06/23	21:55	24.6	24.7	24.6	51	13.7	3.2	NE	0.27	6.4	NE	24.6	24.6	24.6	---	1016.0	0.00	0.0	0	0.00	0	0.000	0.022	25.0	45	12.2	24.7	8.41	1.1711	0.00	118	1	100.0	5
01/06/23	22:00	24.4	24.6	24.4	51	13.6	3.2	NE	0.27	6.4	NE	24.4	24.4	24.4	---	1016.0	0.00	0.0	0	0.00	0	0.000	0.021	24.9	45	12.2	24.6	8.41	1.1714	0.05	117	1	100.0	5
01/06/23	22:05	24.2	24.4	24.2	52	13.7	3.2	NE	0.27	6.4	NNE	24.2	24.2	24.2	---	1016.1	0.00	0.0	0	0.00	0	0.000	0.020	24.9	45	12.2	24.6	8.41	1.1714	0.00	117	1	100.0	5
01/06/23	22:10	24.0	24.2	24.0	52	13.5	3.2	NE	0.27	8.0	NNE	24.0	24.0	24.0	---	1016.3	0.00	0.0	0	0.00	0	0.000	0.020	24.9	45	12.2	24.6	8.41	1.1717	0.00	114	1	100.0	5
01/06/23	22:15	23.8	24.0	23.8	53	13.6	4.8	NE	0.40	8.0	NE	23.8	23.8	23.8	---	1016.3	0.00	0.0	0	0.00	0	0.000	0.019	24.9	45	12.1	24.6	8.41	1.1720	0.00	112	1	98.2	5
01/06/23	22:20	23.7	23.8	23.7	53	13.5	4.8	NE	0.40	8.0	NE	23.7	23.7	23.7	---	1016.4	0.00	0.0	0	0.00	0	0.000	0.019	24.9	45	12.1	24.6	8.41	1.1722	0.00	116	1	100.0	5
01/06/23	22:25	23.6	23.7	23.6	54	13.7	4.8	NE	0.40	8.0	NE	23.6	23.6	23.6	---	1016.4	0.00	0.0	0	0.00	0	0.000	0.018	24.9	45	12.1	24.6	8.41	1.1721	0.00	117	1	100.0	5
01/06/23	22:30	23.4	23.6	23.4	54	13.6	4.8	NE	0.40	6.4	NE	23.4	23.5	23.5	---	1016.5	0.00	0.0	0	0.00	0	0.000	0.018	24.8	45	12.1	24.5	8.42	1.1725	0.00	116	1	100.0	5
01/06/23	22:35	23.3	23.4	23.3	55	13.7	4.8	NE	0.40	8.0	NE	23.3	23.3	23.3	---	1016.5	0.00	0.0	0	0.00	0	0.000	0.017	24.8	46	12.4	24.6	8.52	1.1722	0.00	114	1	100.0	5
01/06/23	22:40	23.2	23.3	23.2	55	13.7	4.8	NE	0.40	8.0	NE	23.2	23.3	23.3	---	1016.6	0.00	0.0	0	0.00	0	0.000	0.017	24.8	46	12.4	24.6	8.52	1.1722	0.00	114	1	100.0	5
01/06/23	22:45	23.1	23.2	23.1	56	13.8	4.8	NE	0.40	6.4	NE	23.1	23.1	23.1	---	1016.6	0.00	0.0	0	0.00	0	0.000	0.016	24.8	46	12.4	24.6	8.52	1.1722	0.00	115	1	100.0	5
01/06/23	22:50	22.9	23.1	22.9	56	13.7	4.8	NE	0.40	6.4	NE	22.9	22.9	22.9	---	1016.7	0.00	0.0	0	0.00	0	0.000	0.016	24.8	46	12.4	24.5	8.52	1.1727	0.00	115	1	100.0	5
01/06/23	22:55	22.8	22.9	22.8	57	13.9	3.2	NE	0.27	8.0	NNE	22.8	22.8	22.8	---	1016.8	0.00	0.0	0	0.00	0	0.000	0.016	24.8	46	12.4	24.5	8.52	1.1728	0.00	117	1	100.0	5
01/06/23	23:00	22.7	22.8	22.7	57	13.7	4.8	NE	0.40	8.0	NE	22.7	22.6	22.6	---	1016.9	0.00	0.0	0	0.00	0	0.000	0.015	24.8	46	12.4	24.5	8.52	1.1729	0.03	118	1	100.0	5
01/06/23	23:05	22.5	22.7	22.5	58	13.8	4.8	NE	0.40	9.7	NE	22.5	22.4	22.4	---	1017.0	0.00	0.0	0	0.00	0	0.000	0.014	24.8	46	12.4	24.5	8.52	1.1730	0.00	114	1	100.0	5
01/06/23	23:10	22.4	22.5	22.4	58	13.7	4.8	NE	0.40	9.7	NE	22.4	22.3	22.3	---	1017.1	0.00	0.0	0	0.00	0	0.000	0.014	24.7	46	12.3	24.4	8.52	1.1734	0.00	116	1	100.0	5
01/06/23	23:15	22.2	22.3	22.2	59	13.8	4.8	NE	0.40	8.0	NE	22.2	22.1	22.1	---	1017.1	0.00	0.0	0	0.00	0	0.000	0.014	24.7	46	12.3	24.4	8.52	1.1734	0.00	116	1	100.0	5
01/06/23	23:20	22.1	22.2	22.1	59	13.7	4.8	NE	0.40	11.3	NE	22.1	22.0	22.0	---	1017.2	0.00	0.0	0	0.00	0	0.000	0.013	24.7	46	12.3	24.4	8.52	1.1735	0.00	114	1	100.0	5
01/06/23	23:25	22.0	22.1	22.0	60	13.9	3.2	ENE	0.27	9.7	ENE	22.0	21.9	21.9	---	1017.3	0.00	0.0	0	0.00	0	0.000	0.013	24.7	46	12.3	24.4	8.52	1.1736	0.00	117	1	100.0	5
01/06/23	23:30	21.9	22.0	21.9	60	13.8	4.8	NE	0.40	9.7	NE	21.9	21.7	21.7	---	1017.3	0.00	0.0	0	0.00	0	0.000	0.012	24.7	46	12.3	24.4	8.52	1.1736	0.00	115	1	100.0	5
01/06/23	23:35	21.8	21.9	21.7	60	13.7	4.8	NE	0.40	8.0	NNE	21.8	21.6	21.6	---	1017.3	0.00	0.0	0	0.00	0	0.000	0.012	24.7	46	12.3	24.4	8.52	1.1736	0.00	115	1	100.0	5
01/06/23	23:40	21.6	21.8	21.6	60	13.5	4.8	NE	0.40	11.3	NE	21.6	21.4	21.4	---	1017.3	0.00	0.0	0	0.00	0	0.000	0.011	24.7	46	12.3	24.4	8.52	1.1739	0.00	117	1	100.0	5
01/06/23	23:45	21.6	21.6	21.5	61	13.7	4.8	NE	0.40	9.7	NE	21.6	21.3	21.3	---	1017.3	0.00	0.0	0	0.00	0	0.000	0.011	24.7	46	12.3	24.4	8.52	1.1740	0.00	117	1	100.0	5
01/06/23	23:50	21.4	21.5	21.4	61	13.6	4.8	NNE	0.40	11.3	NNE	21.4	21.2	21.2	---	1017.4	0.00	0.0	0	0.00	0	0.000	0.011	24.7	46	12.3	24.4	8.52	1.1740	0.00	117	1	100.0	5
01/06/23	23:55	21.3	21.4	21.3	62	13.7	4.8	NE	0.40	9.7	NE	21.3	21.1	21.1	---	1017.4	0.00	0.0	0	0.00	0	0.000	0.010	24.6	46	12.2	24.3	8.52	1.1743	0.00	116	1	100.0	5
02/06/23	00:00	21.2	21.3	21.2	62	13.6	4.8	NE	0.40	12.9	NE	21.2	21.0	21.0	---	1017.4	0.00	0.0	0	0.00	0	0.000	0.010	24.6	46	12.2	24.3	8.52	1.1743	0.03	114	1	100.0	5
02/06/23	0:05	21.1	21.2	21.1	62	13.5	4.8	NE	0.40	8.0	NNE	21.1	20.8	20.8	---	1017.4	0.00	0.0	0	0.00	0	0.000	0.009	24.6	46	12.2	24.3	8.52	1.1743	0.00	116	1	100.0	5
02/06/23	0:10	20.9	21.1	20.9	62	13.3	4.8	NE	0.40	12.9	NNE	20.9	20.7	20.7	---	1017.5	0.00	0.0	0	0.00	0	0.000	0.009	24.6	46	12.2	24.3	8.52	1.1744	0.00	116	1	100.0	5
02/06/23	0:15	20.8	20.9	20.8	63	13.5	4.8	NE	0.40	11.3	NE	20.8	20.7	20.7	---	1017.5	0.00	0.0	0	0.00	0	0.000	0.009	24.6	46	12.2	24.3	8.52	1.1744	0.00	116	1	100.0	5
02/06/23	0:20	20.8	20.8	20.8	63	13.5	4.8	NE	0.40	8.0	NE	20.8	20.7	20.7	---	1017.4	0.00	0.0	0	0.00	0	0.000	0.008	24.6	46	12.2	24.3	8.53	1.1746	0.00	114	1	100.0	5
02/06/23	0:25	20.7	20.8	20.7	63	13.4	4.8	NE	0.40	9.7	ENE	20.7	20.6	20.6	---	1017.5	0.00	0.0	0	0.00	0	0.000	0.008	24.6	46	12.2	24.3	8.53	1.1747	0.00	115	1	100.0	5
02/06/23	0:30	20.6	20.7	20.6	64	13.5	4.8	NE	0.40	12.9	ENE	20.6	20.5	20.5	---	1017.4	0.00	0.0	0	0.00	0	0.000	0.008	24.6	46	12.2	24.3	8.53	1.1746	0.00	112	1	98.2	5
02/06/23	0:35	20.4	20.6	20.4	64	13.4	4.8	NE	0.40	12.9	ENE	20.4	20.4	20.4	---	1017.4	0.00	0.0	0	0.00	0	0.000	0.007	24.6	46	12.2	24.3	8.53	1.1746	0.00	115	1	100.0	5
02/06/23	0:40	20.3	20.4	20.3	65	13.5	4.8	NE	0.40	9.7	ENE	20.3	20.3	20.3	---	1017.5	0.00	0.0	0	0.00	0	0.000	0.007	24.5	46	12.1	24.2	8.53	1.1750	0.00	117	1	100.0	5
02/06/23	0:45	20.3	20.3	20.3	65	13.5	6.4	NE	0.54	14.5	NE	20.3	20.2	20.2	---	1017.5	0.00	0.0	0	0.00	0	0.000	0.007	24.4	46	12.1	24.2	8.53	1.1753	0.00	117	1	100.0	5
02/06/23	0:50	20.2	20.3	20.2	65	13.4	6.4	NE	0.54	14.5	NNE	20.2	20.2	20.2	---	1017.6	0.00	0.0	0	0.00	0	0.000	0.007	24.4	47	12.4	24.2	8.73	1.1750	0.00	115	1	100.0	5
02/06/23	0:55	20.2	20.2	20.1	65	13.4	6.4	NE	0.54	16.1	ENE	20.2	20.1	20.1	---	1017.6	0.00	0.0	0	0.00	0	0.000	0.006	24.4	47	12.4	24.2	8.73	1.1750	0.00	113	1	99.1	5
02/06/23	1:00	20.1	20.2	20.1	66	13.5	6.4	NE	0.54	16.1	ENE	20.1	20.1	20.1	---	1017.6	0.00	0.0	0	0.00	0	0.000	0.006	24.4	47	12.4	24.2	8.73	1.1751	0.03	115	1	100.0	5
02/06/23	1:05	20.1	20.1	20.1	66	13.5	6.4	ENE	0.54	14.5	ENE	20.1	20.1	20.1	---	1017.5	0.00	0.0	0	0.00	0	0.000	0.006	24.4	47	12.4	24.2	8.73	1.1749	0.00	116	1	100.0	5
02/06/23	1:10	20.1	20.1	20.1	66	13.6	4.8	ENE	0.40	14.5	NNE	20.1	20.1	20.1	---	1017.5	0.00	0.0	0	0.00	0	0.000	0.006	24.4	47	12.4	24.2	8.73	1.1749	0.00	117	1	100.0	5
02/06/23	1:15	20.1	20.1	20.1	66	13.6	6.4	ENE	0.54	14.5	ENE	20.1	20.1	20.1	---	1017.6	0.00	0.0	0	0.00	0	0.000	0.006	24.4	47	12.4	24.2	8.73	1.1750	0.00	116	1	100.0	5
02/06/23	1:20	20.1	20.1	20.1	66	13.5	4.8	NE	0.40	12.9	ENE	20.1	20.1	20.1	---	1017.6	0.00	0.0	0	0.00	0	0.000	0.006	24.4	47	12.4	24.2	8.73	1.1750	0.00	112	1	98.2	5
02/06/23	1:25	19.8	20.1	19.8	67	13.5	4.8	NE	0.40	11.3	NE	19.8	19.8	19.8	---	1017.7	0.00	0.0	0	0.00	0	0.000	0.005	24.4	47	12.4	24.2	8.73	1.1751	0.00	114	1	100.0	5
02/06/23	1:30	19.6	19.8	19.6	68	13.5	6.4	NE	0.54	11.3	ENE	19.6	19.6	19.6	---	1017.8	0.00	0.0	0	0.00	0	0.000	0.004	24.4	47	12.3	24.2	8.73	1.1755	0.00	116	1	100.0	5
02/06/23	1:35	19.4	19.6	19.4	68	13.4	4.8	NE	0.40	9.7	NE	19.4	19.4	19.4	---	1017.7	0.00	0.0	0	0.00	0	0.000	0.004	24.4	47	12.3	24.2	8.73	1.1754	0.00	116	1	100.0	5
02/06/23	1:40	19.3	19.4	19.3	69	13.5	4.8	NE	0.40	8.0	E	19.3	19.3	19.3	---	1017.6	0.00	0.0	0	0.00	0	0.000	0.003	24.4	47	12.3	24.2	8.73	1.1753	0.00	116	1	100.0	5
02/06/23	1:45	19.2	19.3	19.2	69	13.3	4.8	NE	0.40	9.7	NE	19.2	19.1	19.1	---	1017.7	0.00	0.0	0	0.00	0	0.000	0.003	24.4	47	12.3	24.2	8.73	1.1754	0.00	117	1	100.0	5
02/06/23	1:50	19.1	19.2	19.1	70	13.5	4.8	NE	0.40	11.3	NE	19.1	19.1	19.1	---	1017.7	0.00	0.0	0	0.00	0	0.000	0.003	24.4	47	12.3	24.2	8.73	1.1754	0.00	114	1	100.0	5
02/06/23	1:55	19.0	19.1	18.9	70	13.4	4.8	NE	0.40	12.9	NNE	19.0	18.9	18.9	---	1017.7	0.00	0.0	0	0.00	0	0.000	0.002	24.4	47	12.3	24.2	8.73	1.1754	0.00	116	1	100.0	5
02/06/23	2:00	18.8	19.0	18.8	70	13.2	4.8	NE	0.40	9.7	NE	18.8	18.8	18.8	---	1017.8	0.00	0.0	0	0.00	0	0.000	0.002	24.4	47	12.3	24.2	8.73	1.1755	0.03	117	1	100.0	5
02/06/23	2:05	18.8	18.8	18.8	71	13.4	4.8	NE	0.40	8.0	NE	18.8	18.7	18.7	---	1017.8	0.00	0.0	0	0.00	0	0.000	0.002	24.4	47	12.3	24.2	8.73	1.1755	0.00	117	1	100.0	5
02/06/23	2:10	18.7	18.8	18.7	71	13.3	4.8	NE	0.40	8.0	NNE	18.7	18.6	18.6	---	1017.8	0.00	0.0	0	0.00	0	0.000	0.001	24.4	47	12.3	24.2	8.73	1.1755	0.00	117	1	100.0	5
02/06/23	2:15	18.6	18.7	18.6	71	13.2	4.8	NE	0.40	9.7	NNE	18.6	18.6	18.6	---	1017.9	0.00	0.0	0	0.00	0	0.000	0.001	24.3	47	12.3	24.1	8.73	1.1759	0.00	115	1	100.0	5
02/06/23	2:20	18.6	18.6	18.5	71	13.2	4.8	NE	0.40	8.0	N	18.6	18.5	18.5	---	1018.0	0.00	0.0	0	0.00	0	0.000	0.001	24.3	47	12.3	24.1	8.73	1.1760	0.00	111	1	97.4	5
02/06/23	2:25	18.4	18.6	18.4	71	13.1	4.8	NE	0.40	9.7	NE	18.4	18.3	18.3	---	1017.8	0.00	0.0	0	0.00	0	0.000	0.000	24.4	47	12.3	24.2	8.73	1.1755	0.00	117	1	100.0	5
02/06/23	2:30	18.4	18.5	18.4	72	13.2	4.8	NE	0.40	12.9	ENE	18.4	18.3	18.3	---	1017.9	0.00	0.0	0	0.00	0	0.000	0.000	24.3	47	12.3	24.1	8.73	1.1759	0.00	115	1	100.0	5
02/06/23	2:35	18.3	18.4	18.3	72	13.2	4.8	NE	0.40	8.0	NE	18.3	18.3	18.3	---	1017.8	0.00	0.0	0	0.00	0	0.000	0.000	24.3	47	12.3	24.1	8.73	1.1758	0.00	115	1	100.0	5
02/06/23	2:40	18.2	18.3	18.2	72	13.0	4.8	NE	0.40	8.0	N	18.2	18.1	18.1	---	1017.9	0.00	0.0	0	0.00	0	0.001	0.000	24.3	47	12.3	24.1	8.73	1.1759	0.00	117	1	100.0	5
02/06/23	2:45	18.1	18.2	18.1	73	13.1	4.8	NE	0.40	8.0	NNE	18.1	18.0	18.0	---	1017.9	0.00	0.0	0	0.00	0	0.001	0.000	24.3	47	12.3	24.1	8.73	1.1759	0.00	113	1	99.1	5
02/06/23	2:50	17.9	18.1	17.9	74	13.2	4.8	NE	0.40	9.7	NE	17.9	17.8	17.8	---	1017.9	0.00	0.0	0	0.00	0	0.002	0.000	24.3	47	12.3	24.1	8.73	1.1759	0.00	115	1	100.0	5
02/06/23	2:55	17.8	17.9	17.8	74	13.1	4.8	NE	0.40	11.3	NNE	17.8	17.7	17.7	---	1017.9	0.00	0.0	0	0.00	0	0.002	0.000	24.3	47	12.2	24.1	8.74	1.1762	0.00	117	1	100.0	5
02/06/23	3:00	17.6	17.8	17.6	75	13.1	6.4	NE	0.54	11.3	N	17.6	17.6	17.6	---	1017.8	0.00	0.0	0	0.00	0	0.003	0.000	24.3	47	12.2	24.1	8.74	1.1761	0.00	116	1	100.0	5
02/06/23	3:05	17.4	17.6	17.4	75	13.0	6.4	NNE	0.54	12.9	NNE	17.4	17.3	17.3	---	1018.0	0.00	0.0	0	0.00	0	0.003	0.000	24.3	47	12.2	24.1	8.74	1.1762	0.00	115	1	100.0	5
02/06/23	3:10	17.3	17.4	17.3	76	13.1	4.8	NNE	0.40	11.3	NE	17.3	17.3	17.3	---	1017.9	0.00	0.0	0	0.00	0	0.003	0.000	24.3	47	12.2	24.1	8.74	1.1761	0.00	116	1	100.0	5
02/06/23	3:15	17.2	17.3	17.2	77	13.2	6.4	NE	0.54	12.9	NNE	17.2	17.2	17.2	---	1017.8	0.00	0.0	0	0.00	0	0.004	0.000	24.3	47	12.2	24.1	8.74	1.1760	0.00	112	1	98.2	5
02/06/23	3:20	17.1	17.2	17.1	77	13.0	4.8	NE	0.40	12.9	ENE	17.1	17.1	17.1	---	1017.8	0.00	0.0	0	0.00	0	0.004	0.000	24.2	47	12.2	24.0	8.74	1.1763	0.00	112	1	98.2	5
02/06/23	3:25	17.1	17.1	17.1	78	13.2	6.4	NE	0.54	16.1	NE	17.1	17.1	17.1	---	1017.8	0.00	0.0	0	0.00	0	0.004	0.000	24.3	47	12.2	24.1	8.74	1.1760	0.00	117	1	100.0	5
02/06/23	3:30	16.9	17.1	16.9	79	13.3	8.0	NE	0.67	16.1	NE	16.9	17.0	17.0	---	1017.7	0.00	0.0	0	0.00	0	0.005	0.000	24.3	47	12.2	24.1	8.74	1.1760	0.00	115	1	100.0	5
02/06/23	3:35	16.8	16.9	16.8	79	13.2	6.4	NE	0.54	14.5	NE	16.8	16.8	16.8	---	1017.6	0.00	0.0	0	0.00	0	0.005	0.000	24.3	47	12.2	24.1	8.74	1.1759	0.00	108	1	94.7	5
02/06/23	3:40	16.8	16.8	16.8	79	13.1	8.0	NE	0.67	14.5	NE	16.8	16.8	16.8	---	1017.7	0.00	0.0	0	0.00	0	0.005	0.000	24.3	47	12.2	24.1	8.74	1.1759	0.00	115	1	100.0	5
02/06/23	3:45	16.7	16.8	16.7	80	13.3	6.4	NNE	0.54	14.5	ENE	16.7	16.8	16.8	---	1017.6	0.00	0.0	0	0.00	0	0.006	0.000	24.3	47	12.2	24.1	8.74	1.1758	0.00	111	1	97.4	5
02/06/23	3:50	16.7	16.7	16.6	80	13.2	6.4	NE	0.54	17.7	NNE	16.7	16.7	16.7	---	1017.6	0.00	0.0	0	0.00	0	0.006	0.000	24.2	47	12.2	24.0	8.74	1.1762	0.00	116	1	100.0	5
02/06/23	3:55	16.6	16.7	16.6	80	13.1	4.8	NE	0.40	12.9	NNE	16.6	16.6	16.6	---	1017.6	0.00	0.0	0	0.00	0	0.006	0.000	24.2	47	12.2	24.0	8.74	1.1762	0.00	113	1	99.1	5
02/06/23	4:00	16.4	16.6	16.4	80	13.0	4.8	NNE	0.40	11.3	NNE	16.4	16.4	16.4	---	1017.6	0.00	0.0	0	0.00	0	0.007	0.000	24.2	47	12.2	24.0	8.74	1.1762	0.00	111	1	97.4	5
02/06/23	4:05	16.4	16.4	16.4	81	13.1	6.4	NE	0.54	16.1	ENE	16.4	16.4	16.4	---	1017.6	0.00	0.0	0	0.00	0	0.007	0.000	24.2	47	12.1	23.9	8.74	1.1764	0.00	117	1	100.0	5
02/06/23	4:10	16.3	16.4	16.3	81	13.0	3.2	NE	0.27	8.0	ENE	16.3	16.3	16.3	---	1017.6	0.00	0.0	0	0.00	0	0.007	0.000	24.2	47	12.2	24.0	8.74	1.1762	0.00	114	1	100.0	5
02/06/23	4:15	16.2	16.3	16.2	81	12.9	6.4	NNE	0.54	14.5	NE	16.2	16.2	16.2	---	1017.7	0.00	0.0	0	0.00	0	0.008	0.000	24.2	47	12.2	24.0	8.74	1.1762	0.00	114	1	100.0	5
02/06/23	4:20	16.1	16.2	16.1	82	13.0	8.0	NNE	0.67	14.5	NE	16.1	16.1	16.1	---	1017.6	0.00	0.0	0	0.00	0	0.008	0.000	24.2	47	12.1	23.9	8.74	1.1763	0.00	116	1	100.0	5
02/06/23	4:25	15.9	16.1	15.9	82	12.9	6.4	NE	0.54	14.5	NE	15.9	15.9	15.9	---	1017.6	0.00	0.0	0	0.00	0	0.008	0.000	24.2	47	12.1	23.9	8.74	1.1764	0.00	117	1	100.0	5
02/06/23	4:30	15.8	15.9	15.8	82	12.8	6.4	NE	0.54	14.5	NE	15.8	15.8	15.8	---	1017.6	0.00	0.0	0	0.00	0	0.009	0.000	24.2	47	12.2	24.0	8.74	1.1761	0.00	114	1	100.0	5
02/06/23	4:35	15.8	15.8	15.8	83	12.9	4.8	NE	0.40	9.7	NE	15.8	15.8	15.8	---	1017.6	0.00	0.0	0	0.00	0	0.009	0.000	24.2	47	12.1	23.9	8.74	1.1763	0.00	112	1	98.2	5
02/06/23	4:40	15.7	15.8	15.7	83	12.8	4.8	NE	0.40	9.7	NE	15.7	15.7	15.7	---	1017.6	0.00	0.0	0	0.00	0	0.009	0.000	24.2	47	12.1	23.9	8.74	1.1763	0.00	111	1	97.4	5
02/06/23	4:45	15.7	15.7	15.6	83	12.8	3.2	NE	0.27	8.0	NNE	15.7	15.6	15.6	---	1017.5	0.00	0.0	0	0.00	0	0.009	0.000	24.2	47	12.1	23.9	8.74	1.1763	0.00	113	1	99.1	5
02/06/23	4:50	15.6	15.6	15.6	83	12.7	4.8	NE	0.40	9.7	NE	15.6	15.5	15.5	---	1017.5	0.00	0.0	0	0.00	0	0.010	0.000	24.2	47	12.1	23.9	8.74	1.1763	0.00	116	1	100.0	5
02/06/23	4:55	15.5	15.6	15.4	83	12.6	4.8	NE	0.40	11.3	NE	15.5	15.4	15.4	---	1017.5	0.00	0.0	0	0.00	0	0.010	0.000	24.1	47	12.1	23.9	8.74	1.1766	0.00	116	1	100.0	5
02/06/23	5:00	15.3	15.4	15.3	83	12.5	6.4	NNE	0.54	14.5	NNE	15.3	15.3	15.3	---	1017.7	0.00	0.0	0	0.00	0	0.010	0.000	24.2	47	12.1	23.9	8.74	1.1765	0.00	113	1	99.1	5
02/06/23	5:05	15.3	15.4	15.3	83	12.4	6.4	NE	0.54	14.5	NE	15.3	15.2	15.2	---	1017.7	0.00	0.0	0	0.00	0	0.011	0.000	24.2	47	12.1	23.9	8.74	1.1765	0.00	110	1	96.5	5
02/06/23	5:10	15.2	15.3	15.2	83	12.4	4.8	NE	0.40	12.9	NNE	15.2	15.2	15.2	---	1017.6	0.00	0.0	0	0.00	0	0.011	0.000	24.1	47	12.1	23.9	8.74	1.1766	0.00	109	1	95.6	5
02/06/23	5:15	15.1	15.2	15.1	83	12.2	6.4	NE	0.54	12.9	E	15.1	15.0	15.0	---	1017.6	0.00	0.0	0	0.00	0	0.011	0.000	24.1	47	12.1	23.9	8.74	1.1767	0.00	111	1	97.4	5
02/06/23	5:20	15.0	15.1	15.0	83	12.1	8.0	NE	0.67	16.1	NE	14.9	14.9	14.8	---	1017.6	0.00	0.0	0	0.00	0	0.012	0.000	24.1	47	12.1	23.9	8.74	1.1767	0.00	111	1	97.4	5
02/06/23	5:25	14.9	15.0	14.9	83	12.1	6.4	NE	0.54	14.5	NE	14.9	14.9	14.9	---	1017.7	0.00	0.0	0	0.00	0	0.012	0.000	24.1	47	12.1	23.9	8.74	1.1767	0.00	116	1	100.0	5
02/06/23	5:30	14.8	14.9	14.8	83	12.0	4.8	NE	0.40	11.3	NE	14.8	14.7	14.7	---	1017.7	0.00	0.0	0	0.00	0	0.012	0.000	24.1	47	12.1	23.9	8.74	1.1768	0.00	110	1	96.5	5
02/06/23	5:35	14.8	14.8	14.8	83	11.9	8.0	NE	0.67	14.5	NNE	14.6	14.7	14.5	---	1017.7	0.00	0.0	0	0.00	0	0.012	0.000	24.1	47	12.1	23.9	8.74	1.1768	0.00	114	1	100.0	5
02/06/23	5:40	14.7	14.8	14.7	83	11.8	4.8	NE	0.40	14.5	NE	14.7	14.6	14.6	---	1017.7	0.00	0.0	0	0.00	0	0.013	0.000	24.1	47	12.1	23.9	8.74	1.1768	0.00	107	1	93.9	5
02/06/23	5:45	14.6	14.7	14.6	83	11.8	6.4	NE	0.54	12.9	N	14.6	14.5	14.5	---	1017.8	0.00	0.0	0	0.00	0	0.013	0.000	24.1	47	12.1	23.9	8.74	1.1769	0.00	111	1	97.4	5
02/06/23	5:50	14.5	14.6	14.5	83	11.6	6.4	NE	0.54	16.1	ENE	14.5	14.4	14.4	---	1017.7	0.00	0.0	0	0.00	0	0.013	0.000	24.1	47	12.0	23.8	8.74	1.1771	0.00	115	1	100.0	5
02/06/23	5:55	14.4	14.5	14.4	83	11.6	4.8	NE	0.40	11.3	NE	14.4	14.3	14.3	---	1017.9	0.00	0.0	0	0.00	0	0.014	0.000	24.1	47	12.0	23.8	8.74	1.1772	0.00	116	1	100.0	5
02/06/23	6:00	14.3	14.4	14.3	82	11.3	6.4	NE	0.54	14.5	NE	14.3	14.2	14.2	---	1017.9	0.00	0.0	0	0.00	0	0.014	0.000	24.1	47	12.0	23.8	8.74	1.1773	0.00	114	1	100.0	5
02/06/23	6:05	14.3	14.3	14.3	82	11.2	4.8	NE	0.40	12.9	NNE	14.3	14.2	14.2	---	1017.9	0.00	0.0	0	0.00	0	0.014	0.000	24.1	47	12.0	23.8	8.74	1.1773	0.00	116	1	100.0	5
02/06/23	6:10	14.2	14.3	14.2	83	11.3	4.8	NE	0.40	11.3	NNE	14.2	14.1	14.1	---	1018.0	0.00	0.0	0	0.00	0	0.014	0.000	24.1	47	12.0	23.8	8.74	1.1774	0.00	115	1	100.0	5
02/06/23	6:15	14.1	14.2	14.1	83	11.3	4.8	NE	0.40	14.5	NE	14.1	14.0	14.0	---	1018.1	0.00	0.0	5	0.04	5	0.015	0.000	24.1	47	12.0	23.8	8.74	1.1775	0.00	112	1	98.2	5
02/06/23	6:20	14.0	14.1	13.9	83	11.2	6.4	NE	0.54	16.1	NNE	14.0	13.9	13.9	---	1018.1	0.00	0.0	7	0.05	9	0.015	0.000	24.1	47	12.0	23.8	8.74	1.1775	0.00	111	1	97.4	5
02/06/23	6:25	13.9	14.0	13.9	82	10.9	6.4	NE	0.54	14.5	NE	13.9	13.7	13.7	---	1018.1	0.00	0.0	10	0.07	11	0.015	0.000	24.1	47	12.0	23.8	8.74	1.1775	0.00	115	1	100.0	5
02/06/23	6:30	13.8	13.9	13.8	83	11.0	4.8	NE	0.40	9.7	NE	13.8	13.7	13.7	---	1018.0	0.00	0.0	13	0.09	14	0.016	0.000	24.1	47	12.0	23.8	8.74	1.1774	0.00	114	1	100.0	5
02/06/23	6:35	13.7	13.8	13.7	84	11.1	4.8	NE	0.40	12.9	NNE	13.7	13.6	13.6	---	1018.1	0.00	0.0	16	0.11	18	0.016	0.000	24.1	47	12.0	23.8	8.74	1.1775	0.00	110	1	96.5	5
02/06/23	6:40	13.6	13.7	13.6	84	11.0	6.4	NNE	0.54	12.9	NNE	13.6	13.5	13.4	---	1018.1	0.00	0.0	20	0.14	23	0.016	0.000	24.1	47	12.0	23.8	8.74	1.1775	0.00	115	1	100.0	5
02/06/23	6:45	13.6	13.7	13.6	84	10.9	4.8	NNE	0.40	11.3	NNE	13.6	13.4	13.4	---	1018.2	0.00	0.0	25	0.18	26	0.017	0.000	24.1	47	12.1	23.9	8.74	1.1773	0.00	112	1	98.2	5
02/06/23	6:50	13.6	13.6	13.5	84	10.9	3.2	NE	0.27	8.0	NNE	13.6	13.4	13.4	---	1018.2	0.00	0.0	30	0.22	32	0.017	0.000	24.1	47	12.1	23.9	8.74	1.1774	0.00	108	1	94.7	5
02/06/23	6:55	13.5	13.6	13.5	84	10.8	6.4	NE	0.54	11.3	NNE	13.4	13.4	13.3	---	1018.3	0.00	0.0	36	0.26	39	0.017	0.000	24.2	47	12.1	23.9	8.74	1.1771	0.00	114	1	100.0	5
02/06/23	7:00	13.4	13.6	13.4	84	10.8	6.4	NE	0.54	14.5	NE	13.3	13.3	13.2	---	1018.3	0.00	0.0	44	0.32	47	0.017	0.000	24.2	47	12.1	23.9	8.74	1.1771	0.00	111	1	97.4	5
02/06/23	7:05	13.4	13.5	13.4	84	10.7	8.0	NE	0.67	14.5	NNE	13.0	13.3	12.9	---	1018.3	0.00	0.0	52	0.37	56	0.017	0.000	24.2	47	12.2	24.0	8.74	1.1769	0.00	114	1	100.0	5
02/06/23	7:10	13.3	13.4	13.3	84	10.7	6.4	NE	0.54	14.5	NE	13.2	13.2	13.1	---	1018.4	0.00	0.0	61	0.44	63	0.017	0.000	24.2	47	12.2	24.0	8.74	1.1770	0.00	109	1	95.6	5
02/06/23	7:15	13.3	13.4	13.3	83	10.5	6.4	NE	0.54	14.5	NNE	13.2	13.2	13.1	---	1018.4	0.00	0.0	71	0.51	76	0.017	0.000	24.3	47	12.2	24.1	8.74	1.1767	0.00	113	1	99.1	5
02/06/23	7:20	13.3	13.3	13.3	83	10.5	6.4	NE	0.54	14.5	NE	13.2	13.2	13.1	---	1018.3	0.00	0.0	83	0.59	88	0.017	0.000	24.3	47	12.2	24.1	8.74	1.1767	0.00	113	1	99.1	5
02/06/23	7:25	13.4	13.4	13.3	82	10.4	6.4	NE	0.54	14.5	ENE	13.3	13.2	13.1	---	1018.4	0.00	0.0	96	0.69	100	0.017	0.000	24.3	47	12.2	24.1	8.74	1.1767	0.00	111	1	97.4	5
02/06/23	7:30	13.5	13.5	13.4	82	10.5	6.4	NE	0.54	14.5	NNE	13.4	13.3	13.3	---	1018.4	0.00	0.0	106	0.76	111	0.017	0.000	24.2	47	12.2	24.0	8.74	1.1770	0.00	112	1	98.2	5
02/06/23	7:35	13.4	13.5	13.4	82	10.4	8.0	NE	0.67	16.1	ENE	13.1	13.3	12.9	---	1018.5	0.00	0.0	119	0.85	125	0.017	0.000	24.3	46	11.9	24.0	8.54	1.1772	0.00	112	1	98.2	5
02/06/23	7:40	13.3	13.4	13.3	81	10.1	9.7	NNE	0.80	17.7	NNE	12.6	13.1	12.4	---	1018.5	0.00	0.0	133	0.95	139	0.018	0.000	24.3	46	11.9	24.0	8.54	1.1773	0.00	112	1	98.2	5
02/06/23	7:45	13.4	13.4	13.3	82	10.4	4.8	NE	0.40	14.5	NE	13.4	13.2	13.2	---	1018.4	0.00	0.0	148	1.06	155	0.017	0.000	24.3	46	12.0	24.1	8.53	1.1768	0.00	110	1	96.5	5
02/06/23	7:50	13.7	13.7	13.4	81	10.5	4.8	NE	0.40	14.5	ENE	13.7	13.5	13.5	---	1018.4	0.00	0.0	163	1.17	171	0.016	0.000	24.3	46	12.0	24.1	8.53	1.1768	0.00	113	1	99.1	5
02/06/23	7:55	13.6	13.7	13.6	80	10.2	6.4	NE	0.54	14.5	NE	13.6	13.4	13.4	---	1018.4	0.00	0.0	180	1.29	183	0.016	0.000	24.3	46	12.0	24.1	8.53	1.1768	0.00	112	1	98.2	5
02/06/23	8:00	13.6	13.7	13.6	80	10.2	8.0	ENE	0.67	20.9	NE	13.2	13.4	13.0	---	1018.4	0.00	0.0	191	1.37	197	0.017	0.000	24.3	46	12.0	24.1	8.53	1.1769	0.08	112	1	98.2	5
02/06/23	8:05	13.6	13.6	13.5	80	10.2	6.4	NE	0.54	20.9	NE	13.5	13.4	13.3	---	1018.5	0.00	0.0	205	1.47	211	0.017	0.000	24.3	46	12.0	24.1	8.53	1.1769	0.00	114	1	100.0	5
02/06/23	8:10	13.7	13.7	13.5	80	10.3	6.4	E	0.54	16.1	E	13.6	13.5	13.4	---	1018.6	0.00	0.0	218	1.56	221	0.016	0.000	24.3	45	11.6	24.0	8.43	1.1774	0.00	111	1	97.4	5
02/06/23	8:15	13.7	13.7	13.7	80	10.3	6.4	ENE	0.54	17.7	ENE	13.7	13.6	13.5	---	1018.7	0.00	0.0	231	1.66	237	0.016	0.000	24.3	45	11.6	24.0	8.43	1.1775	0.00	108	1	94.7	5
02/06/23	8:20	13.8	13.8	13.7	80	10.4	6.4	NE	0.54	17.7	NE	13.8	13.6	13.6	---	1018.7	0.00	0.0	245	1.76	250	0.016	0.000	24.3	45	11.6	24.0	8.43	1.1775	0.00	110	1	96.5	5
02/06/23	8:25	13.8	13.8	13.7	79	10.2	8.0	NE	0.67	17.7	ENE	13.4	13.6	13.2	---	1018.7	0.00	0.0	261	1.87	267	0.016	0.000	24.4	45	11.7	24.1	8.43	1.1773	0.00	110	1	96.5	5
02/06/23	8:30	13.8	13.8	13.8	79	10.3	9.7	NE	0.80	19.3	ENE	13.3	13.6	13.1	---	1018.8	0.00	0.0	274	1.96	278	0.016	0.000	24.4	45	11.7	24.1	8.43	1.1774	0.00	115	1	100.0	5
02/06/23	8:35	13.9	13.9	13.8	79	10.4	8.0	NE	0.67	17.7	NE	13.6	13.7	13.4	---	1018.8	0.00	0.0	285	2.04	290	0.015	0.000	24.3	45	11.6	24.0	8.43	1.1777	0.00	111	1	97.4	5
02/06/23	8:40	13.8	13.9	13.8	78	10.1	12.9	NE	1.07	24.1	NE	12.7	13.6	12.4	---	1018.9	0.00	0.0	297	2.13	304	0.016	0.000	24.4	44	11.3	24.0	8.23	1.1779	0.00	112	1	98.2	5
02/06/23	8:45	13.7	13.8	13.7	78	9.9	11.3	NE	0.94	22.5	NE	12.8	13.4	12.6	---	1018.9	0.00	0.0	312	2.24	318	0.016	0.000	24.4	44	11.3	24.0	8.23	1.1778	0.00	104	1	91.2	5
02/06/23	8:50	13.8	13.8	13.7	78	10.1	9.7	NE	0.80	20.9	ENE	13.3	13.6	13.1	---	1018.9	0.00	0.0	327	2.34	332	0.016	0.000	24.4	44	11.3	24.0	8.23	1.1779	0.00	110	1	96.5	5
02/06/23	8:55	13.9	13.9	13.8	78	10.1	9.7	NE	0.80	27.4	E	13.3	13.7	13.1	---	1019.0	0.00	0.0	344	2.47	350	0.015	0.000	24.3	44	11.3	23.9	8.23	1.1783	0.00	114	1	100.0	5
02/06/23	9:00	14.1	14.1	13.9	77	10.1	9.7	E	0.80	17.7	E	13.6	13.8	13.3	---	1019.1	0.00	0.0	355	2.54	360	0.015	0.000	24.4	44	11.3	24.0	8.23	1.1781	0.15	110	1	96.5	5
02/06/23	9:05	14.3	14.3	14.1	77	10.4	4.8	NE	0.40	14.5	E	14.3	14.1	14.1	---	1019.0	0.00	0.0	369	2.64	374	0.014	0.000	24.3	44	11.3	23.9	8.23	1.1783	0.00	116	1	100.0	5
02/06/23	9:10	14.5	14.5	14.4	76	10.3	9.7	E	0.80	22.5	ESE	14.1	14.2	13.8	---	1019.0	0.00	0.0	381	2.73	387	0.013	0.000	24.3	44	11.3	23.9	8.23	1.1782	0.00	109	1	95.6	5
02/06/23	9:15	14.6	14.6	14.5	75	10.2	8.0	ENE	0.67	24.1	ENE	14.4	14.3	14.1	---	1019.1	0.00	0.0	392	2.81	392	0.013	0.000	24.3	43	10.9	23.9	8.05	1.1787	0.00	44	1	38.6	5
02/06/23	9:20	14.5	14.6	14.5	76	10.3	11.3	E	0.94	19.3	NNE	13.8	14.2	13.6	---	1019.2	0.00	0.0	414	2.97	418	0.013	0.000	24.2	43	10.8	23.8	8.05	1.1794	0.00	48	1	42.1	5
02/06/23	9:25	14.7	14.7	14.4	76	10.5	4.8	NE	0.40	12.9	SE	14.7	14.4	14.4	---	1019.1	0.00	0.0	424	3.04	424	0.013	0.000	24.1	43	10.7	23.6	8.05	1.1801	0.00	39	1	34.2	5
02/06/23	9:30	14.9	14.9	14.7	76	10.7	6.4	ENE	0.54	20.9	ENE	14.9	14.7	14.7	---	1019.1	0.00	0.0	444	3.18	455	0.012	0.000	23.9	43	10.6	23.5	8.05	1.1806	0.00	102	1	89.5	5
02/06/23	9:35	14.7	14.9	14.7	76	10.5	6.4	NE	0.54	16.1	NE	14.7	14.4	14.4	---	1019.1	0.00	0.0	460	3.30	461	0.013	0.000	23.8	44	10.8	23.4	8.25	1.1808	0.00	87	1	76.3	5
02/06/23	9:40	14.4	14.7	14.4	77	10.5	9.7	NE	0.80	19.3	NE	14.0	14.2	13.7	---	1019.0	0.00	0.0	467	3.35	473	0.014	0.000	23.8	44	10.8	23.4	8.25	1.1810	0.00	92	1	80.7	5
02/06/23	9:45	14.6	14.6	14.4	77	10.6	8.0	NE	0.67	16.1	N	14.4	14.3	14.2	---	1019.2	0.00	0.0	477	3.42	482	0.013	0.000	23.7	44	10.7	23.3	8.26	1.1814	0.00	100	1	87.7	5
02/06/23	9:50	14.9	14.9	14.6	77	10.9	4.8	NE	0.40	12.9	ENE	14.9	14.7	14.7	---	1019.2	0.00	0.0	492	3.53	492	0.012	0.000	23.6	44	10.6	23.1	8.26	1.1823	0.00	37	1	32.5	5
02/06/23	9:55	15.1	15.1	15.1	75	10.7	8.0	NNE	0.67	14.5	NE	14.9	14.7	14.6	---	1019.1	0.00	0.0	492	3.53	492	0.011	0.000	23.6	44	10.6	23.1	8.26	1.1822	0.00	9	1	7.9	5
02/06/23	10:00	---	---	---	75	---	0.0	---	0.00	0.0	---	---	---	---	---	1019.2	0.00	0.0	492	3.53	492	---	---	23.7	44	10.7	23.3	8.26	1.1814	0.25	0	1	0.0	5
