		Temp	Hi	Low	Out	Dew	Wind	Wind	Wind	Hi	Hi	Wind	Heat	THW	THSW			Rain	Solar	Solar	Hi Solar	Heat	Cool	In 	In	In 	In 	In 	In Air		Wind	Wind	ISS 	Arc.
Date	Time	Out	Temp	Temp	Hum	Pt.	Speed	Dir	Run	Speed	Dir	Chill	Index	Index	Index	Bar  	Rain	Rate	Rad.	Energy	Rad. 	D-D 	D-D 	Temp	Hum	Dew	Heat	EMC	Density	ET 	Samp	Tx 	Recept	Int.
01/01/25	0:15	5.7	5.8	5.7	90	4.2	12.9	SW	3.22	24.1	SSW	2.9	5.7	2.9	---	1029.8	0.00	0.0	0	0.00	0	0.132	0.000	12.9	53	3.5	11.9	9.95	1.2453	0.00	345	1	100.0	15
01/01/25	0:30	5.7	5.7	5.6	90	4.2	9.7	SW	2.41	20.9	SW	3.5	5.7	3.5	---	1029.3	0.00	0.0	0	0.00	0	0.132	0.000	12.9	53	3.5	11.9	9.95	1.2447	0.00	350	1	100.0	15
01/01/25	0:45	5.6	5.7	5.6	91	4.3	6.4	S	1.61	14.5	SSE	4.3	5.6	4.3	---	1029.2	0.00	0.0	0	0.00	0	0.133	0.000	12.9	53	3.5	11.9	9.95	1.2445	0.00	348	1	100.0	15
01/01/25	1:00	5.6	5.6	5.5	91	4.2	8.0	S	2.01	12.9	SSW	3.8	5.6	3.8	---	1028.7	0.00	0.0	0	0.00	0	0.133	0.000	12.8	53	3.5	11.9	9.95	1.2442	0.00	350	1	100.0	15
01/01/25	1:15	5.4	5.6	5.4	92	4.2	9.7	S	2.41	17.7	SSE	3.3	5.4	3.3	---	1028.5	0.00	0.0	0	0.00	0	0.134	0.000	12.8	53	3.5	11.9	9.95	1.2439	0.00	349	1	100.0	15
01/01/25	1:30	5.4	5.5	5.4	92	4.2	8.0	S	2.01	19.3	SSE	3.7	5.4	3.7	---	1028.3	0.00	0.0	0	0.00	0	0.134	0.000	12.8	53	3.5	11.9	9.95	1.2437	0.00	345	1	100.0	15
01/01/25	1:45	5.3	5.4	5.3	93	4.2	8.0	S	2.01	14.5	S	3.4	5.3	3.4	---	1028.0	0.00	0.0	0	0.00	0	0.136	0.000	12.8	53	3.5	11.9	9.95	1.2434	0.00	350	1	100.0	15
01/01/25	2:00	5.1	5.3	5.1	93	4.1	6.4	S	1.61	12.9	SSE	3.7	5.1	3.7	---	1027.9	0.00	0.0	0	0.00	0	0.138	0.000	12.8	53	3.4	11.8	9.95	1.2435	0.00	344	1	100.0	15
01/01/25	2:15	5.1	5.2	5.1	93	4.0	6.4	S	1.61	12.9	S	3.7	5.1	3.7	---	1027.8	0.00	0.0	0	0.00	0	0.138	0.000	12.8	53	3.4	11.8	9.95	1.2434	0.00	352	1	100.0	15
01/01/25	2:30	5.1	5.1	5.0	93	4.0	4.8	S	1.21	12.9	WSW	4.2	5.1	4.2	---	1027.8	0.00	0.0	0	0.00	0	0.138	0.000	12.7	53	3.4	11.8	9.95	1.2437	0.00	344	1	100.0	15
01/01/25	2:45	4.9	5.1	4.9	93	3.9	4.8	S	1.21	11.3	S	4.1	4.9	4.1	---	1027.6	0.00	0.0	0	0.00	0	0.140	0.000	12.7	53	3.4	11.8	9.95	1.2434	0.00	351	1	100.0	15
01/01/25	3:00	4.7	4.9	4.7	94	3.8	6.4	S	1.61	11.3	S	3.2	4.7	3.3	---	1027.3	0.00	0.0	0	0.00	0	0.142	0.000	12.7	53	3.4	11.8	9.95	1.2430	0.00	347	1	100.0	15
01/01/25	3:15	4.4	4.7	4.4	94	3.6	6.4	S	1.61	12.9	S	2.9	4.5	3.0	---	1027.1	0.00	0.0	0	0.00	0	0.145	0.000	12.7	53	3.4	11.8	9.95	1.2428	0.00	346	1	100.0	15
01/01/25	3:30	4.3	4.4	4.3	94	3.5	6.4	S	1.61	14.5	S	2.8	4.3	2.8	---	1027.2	0.00	0.0	0	0.00	0	0.146	0.000	12.7	53	3.4	11.8	9.95	1.2429	0.00	351	1	100.0	15
01/01/25	3:45	4.2	4.3	4.2	95	3.5	6.4	S	1.61	11.3	S	2.7	4.3	2.8	---	1026.8	0.00	0.0	0	0.00	0	0.147	0.000	12.7	53	3.3	11.7	9.95	1.2427	0.00	343	1	100.0	15
01/01/25	4:00	4.3	4.3	4.2	95	3.5	8.0	S	2.01	20.9	S	2.3	4.3	2.3	---	1026.6	0.00	0.0	0	0.00	0	0.146	0.000	12.7	53	3.3	11.7	9.95	1.2424	0.00	349	1	100.0	15
01/01/25	4:15	4.6	4.6	4.3	95	3.9	8.0	S	2.01	22.5	SSE	2.7	4.7	2.7	---	1026.5	0.00	0.0	0	0.00	0	0.143	0.000	12.7	53	3.3	11.7	9.95	1.2424	0.00	344	1	100.0	15
01/01/25	4:30	4.8	4.8	4.6	95	4.1	8.0	S	2.01	19.3	WSW	2.9	4.9	3.0	---	1026.5	0.00	0.0	0	0.00	0	0.141	0.000	12.7	53	3.3	11.7	9.95	1.2424	0.00	351	1	100.0	15
01/01/25	4:45	5.1	5.1	4.8	95	4.3	6.4	SW	1.61	17.7	WSW	3.7	5.1	3.7	---	1026.5	0.00	0.0	0	0.00	0	0.138	0.000	12.7	53	3.3	11.7	9.95	1.2423	0.00	342	1	100.0	15
01/01/25	5:00	5.2	5.2	5.1	96	4.6	6.4	SW	1.61	24.1	WSW	3.8	5.3	3.9	---	1026.5	0.00	0.0	0	0.00	0	0.137	0.000	12.6	53	3.3	11.7	9.95	1.2426	0.00	347	1	100.0	15
01/01/25	5:15	5.3	5.4	5.2	96	4.7	9.7	SW	2.41	19.3	SW	3.1	5.4	3.2	---	1026.4	0.00	0.0	0	0.00	0	0.135	0.000	12.6	53	3.3	11.7	9.95	1.2425	0.00	347	1	100.0	15
01/01/25	5:30	5.3	5.4	5.3	95	4.6	11.3	SW	2.82	24.1	WSW	2.8	5.4	2.8	---	1026.4	0.00	0.0	0	0.00	0	0.135	0.000	12.6	53	3.3	11.7	9.95	1.2425	0.00	348	1	100.0	15
01/01/25	5:45	5.3	5.4	5.3	95	4.6	9.7	SW	2.41	25.7	WSW	3.1	5.4	3.2	---	1026.0	0.00	0.0	0	0.00	0	0.135	0.000	12.6	53	3.2	11.7	9.95	1.2423	0.00	351	1	100.0	15
01/01/25	6:00	5.3	5.4	5.3	95	4.6	8.0	S	2.01	17.7	SSW	3.5	5.4	3.6	---	1025.7	0.00	0.0	0	0.00	0	0.135	0.000	12.6	53	3.3	11.7	9.95	1.2416	0.00	346	1	100.0	15
01/01/25	6:15	5.3	5.3	5.3	95	4.6	8.0	SSW	2.01	19.3	SSE	3.5	5.4	3.6	---	1025.4	0.00	0.0	0	0.00	0	0.135	0.000	12.6	53	3.2	11.7	9.95	1.2416	0.00	347	1	100.0	15
01/01/25	6:30	5.3	5.4	5.3	95	4.6	9.7	SW	2.41	22.5	SW	3.1	5.4	3.2	---	1025.5	0.00	0.0	0	0.00	0	0.135	0.000	12.6	53	3.3	11.7	9.95	1.2414	0.00	344	1	100.0	15
01/01/25	6:45	5.4	5.4	5.3	95	4.7	8.0	S	2.01	20.9	WSW	3.6	5.4	3.6	---	1025.3	0.00	0.0	0	0.00	0	0.135	0.000	12.7	53	3.3	11.7	9.95	1.2409	0.00	350	1	100.0	15
01/01/25	7:00	5.5	5.5	5.4	95	4.8	9.7	SW	2.41	25.7	SW	3.3	5.6	3.4	---	1025.3	0.00	0.0	0	0.00	0	0.134	0.000	12.7	53	3.4	11.8	9.95	1.2406	0.00	344	1	100.0	15
01/01/25	7:15	5.6	5.6	5.5	95	4.8	9.7	SW	2.41	25.7	WSW	3.4	5.6	3.4	---	1025.4	0.00	0.0	0	0.00	0	0.133	0.000	12.8	54	3.7	11.9	10.15	1.2403	0.00	348	1	100.0	15
01/01/25	7:30	5.5	5.6	5.5	95	4.8	11.3	SW	2.82	22.5	SW	3.0	5.6	3.1	---	1025.1	0.00	0.0	0	0.00	0	0.134	0.000	12.8	54	3.7	11.9	10.15	1.2396	0.00	347	1	100.0	15
01/01/25	7:45	5.5	5.5	5.5	95	4.8	11.3	SW	2.82	24.1	SW	3.0	5.6	3.1	---	1025.1	0.00	0.0	0	0.00	0	0.134	0.000	12.8	54	3.7	11.9	10.15	1.2396	0.00	349	1	100.0	15
01/01/25	8:00	5.6	5.6	5.5	95	4.9	11.3	SW	2.82	24.1	WSW	3.1	5.7	3.2	---	1025.0	0.00	0.0	0	0.00	0	0.133	0.000	12.9	54	3.8	12.0	10.15	1.2392	0.00	348	1	100.0	15
01/01/25	8:15	5.7	5.7	5.6	96	5.1	12.9	SW	3.22	32.2	SW	2.9	5.7	2.9	---	1025.0	0.00	0.0	0	0.00	0	0.132	0.000	12.9	54	3.8	12.0	10.15	1.2393	0.00	342	1	100.0	15
01/01/25	8:30	5.8	5.8	5.7	96	5.2	11.3	SW	2.82	32.2	SW	3.4	5.9	3.5	---	1024.9	0.00	0.0	0	0.00	0	0.130	0.000	12.9	54	3.8	12.1	10.15	1.2388	0.00	351	1	100.0	15
01/01/25	8:45	5.9	5.9	5.8	96	5.4	9.7	SW	2.41	27.4	SW	3.8	6.0	3.9	---	1024.7	0.00	0.0	0	0.00	0	0.129	0.000	13.0	54	3.9	12.1	10.15	1.2383	0.00	347	1	100.0	15
01/01/25	9:00	6.1	6.1	5.9	96	5.5	12.9	SW	3.22	30.6	SSE	3.4	6.1	3.4	---	1024.7	0.00	0.0	0	0.00	5	0.128	0.000	13.0	55	4.2	12.1	10.34	1.2381	0.00	351	1	100.0	15
01/01/25	9:15	6.2	6.2	6.1	96	5.6	12.9	SW	3.22	25.7	SW	3.5	6.2	3.6	---	1024.7	0.00	0.0	7	0.15	11	0.127	0.000	13.0	55	4.2	12.1	10.34	1.2382	0.00	340	1	99.4	15
01/01/25	9:30	6.2	6.2	6.2	96	5.6	12.9	SW	3.22	30.6	SW	3.6	6.3	3.7	---	1024.6	0.00	0.0	15	0.32	26	0.126	0.000	13.1	55	4.2	12.2	10.34	1.2378	0.00	350	1	100.0	15
01/01/25	9:45	6.2	6.2	6.1	96	5.6	14.5	SW	3.62	33.8	WSW	3.2	6.2	3.2	---	1024.7	0.00	0.0	27	0.58	49	0.127	0.000	13.1	55	4.2	12.2	10.34	1.2378	0.00	344	1	100.0	15
01/01/25	10:00	6.1	6.2	6.1	96	5.5	14.5	SW	3.62	32.2	SW	3.1	6.1	3.1	---	1024.6	0.00	0.0	33	0.71	49	0.128	0.000	13.1	55	4.2	12.2	10.34	1.2377	0.00	350	1	100.0	15
01/01/25	10:15	6.1	6.2	6.1	96	5.5	12.9	SW	3.22	30.6	WSW	3.4	6.2	3.5	---	1024.7	0.00	0.0	39	0.84	76	0.127	0.000	13.1	55	4.3	12.2	10.34	1.2376	0.00	347	1	100.0	15
01/01/25	10:30	6.3	6.3	6.1	95	5.5	14.5	SW	3.62	30.6	WSW	3.3	6.3	3.4	---	1024.7	0.00	0.0	51	1.10	70	0.126	0.000	13.2	55	4.3	12.3	10.34	1.2372	0.00	346	1	100.0	15
01/01/25	10:45	6.4	6.4	6.3	95	5.7	14.5	SW	3.62	30.6	WSW	3.5	6.6	3.6	---	1024.7	0.00	0.0	40	0.86	56	0.124	0.000	13.2	55	4.3	12.3	10.34	1.2373	0.00	350	1	100.0	15
01/01/25	11:00	6.4	6.5	6.4	95	5.7	12.9	SW	3.22	30.6	WSW	3.8	6.6	3.9	---	1024.7	0.00	0.0	46	0.99	74	0.124	0.000	13.2	56	4.6	12.3	10.45	1.2371	0.03	347	1	100.0	15
01/01/25	11:15	6.6	6.6	6.4	94	5.7	16.1	SW	4.02	29.0	WSW	3.4	6.7	3.5	---	1024.8	0.00	0.0	67	1.44	125	0.123	0.000	13.2	56	4.6	12.3	10.45	1.2369	0.00	350	1	100.0	15
01/01/25	11:30	6.7	6.7	6.6	94	5.8	14.5	SW	3.62	30.6	WSW	3.8	6.8	3.9	---	1024.6	0.00	0.0	84	1.81	160	0.122	0.000	13.2	56	4.6	12.3	10.45	1.2367	0.00	342	1	100.0	15
01/01/25	11:45	6.9	6.9	6.7	94	6.0	14.5	SW	3.62	37.0	SW	4.1	7.0	4.2	---	1024.3	0.00	0.0	86	1.85	135	0.119	0.000	13.2	56	4.6	12.3	10.45	1.2363	0.00	349	1	100.0	15
01/01/25	12:00	7.0	7.1	6.8	94	6.1	17.7	SW	4.43	38.6	SW	3.6	7.1	3.7	---	1024.0	0.00	0.0	94	2.02	162	0.118	0.000	13.3	56	4.7	12.4	10.45	1.2358	0.05	346	1	100.0	15
01/01/25	12:15	7.3	7.3	7.0	93	6.3	17.7	SW	4.43	38.6	SW	4.0	7.4	4.1	---	1023.9	0.00	0.0	117	2.52	162	0.115	0.000	13.3	56	4.7	12.4	10.45	1.2354	0.00	350	1	100.0	15
01/01/25	12:30	7.4	7.4	7.3	93	6.3	16.1	SW	4.02	40.2	SW	4.3	7.5	4.4	---	1023.7	0.00	0.0	121	2.60	230	0.114	0.000	13.3	56	4.7	12.4	10.45	1.2351	0.00	344	1	100.0	15
01/01/25	12:45	7.5	7.6	7.4	93	6.4	17.7	SW	4.43	41.8	SW	4.2	7.6	4.3	---	1023.5	0.00	0.0	106	2.28	135	0.113	0.000	13.4	56	4.8	12.5	10.45	1.2345	0.00	349	1	100.0	15
01/01/25	13:00	7.4	7.6	7.4	93	6.4	20.9	SW	5.23	38.6	WSW	3.7	7.6	3.8	---	1023.3	0.00	0.0	108	2.32	162	0.113	0.000	13.4	56	4.8	12.5	10.45	1.2343	0.08	345	1	100.0	15
01/01/25	13:15	7.4	7.4	7.4	93	6.4	14.5	WSW	3.62	30.6	W	4.7	7.6	4.8	---	1023.3	0.00	0.0	69	1.48	107	0.113	0.000	13.4	56	4.8	12.5	10.45	1.2343	0.00	349	1	100.0	15
01/01/25	13:30	7.4	7.5	7.4	93	6.4	16.1	WSW	4.02	38.6	WSW	4.4	7.6	4.5	---	1022.9	0.00	0.0	49	1.05	63	0.113	0.000	13.4	57	5.0	12.6	10.63	1.2336	0.00	345	1	100.0	15
01/01/25	13:45	7.3	7.5	7.3	94	6.4	17.7	WSW	4.43	37.0	WSW	4.0	7.4	4.1	---	1022.5	0.00	0.0	65	1.40	98	0.115	0.000	13.4	57	5.0	12.6	10.63	1.2331	0.00	350	1	100.0	15
01/01/25	14:00	7.4	7.5	7.3	93	6.4	16.1	WSW	4.02	35.4	SW	4.4	7.6	4.5	---	1022.3	0.00	0.0	109	2.34	183	0.113	0.000	13.4	57	5.0	12.6	10.63	1.2329	0.05	346	1	100.0	15
01/01/25	14:15	7.4	7.5	7.4	94	6.5	16.1	WSW	4.02	33.8	SW	4.4	7.6	4.5	---	1022.1	0.00	0.0	91	1.96	127	0.113	0.000	13.4	57	5.1	12.6	10.63	1.2324	0.00	350	1	100.0	15
01/01/25	14:30	7.4	7.4	7.3	94	6.5	14.5	SW	3.62	40.2	SW	4.7	7.5	4.8	---	1021.7	0.00	0.0	62	1.33	81	0.114	0.000	13.4	57	5.1	12.6	10.63	1.2319	0.00	344	1	100.0	15
01/01/25	14:45	7.6	7.6	7.3	93	6.5	16.1	WSW	4.02	35.4	WSW	4.6	7.7	4.7	---	1021.5	0.00	0.0	80	1.72	104	0.112	0.000	13.4	57	5.1	12.6	10.63	1.2316	0.00	350	1	100.0	15
01/01/25	15:00	7.7	7.7	7.5	93	6.6	16.1	WSW	4.02	29.0	WSW	4.7	7.8	4.8	---	1021.5	0.00	0.0	49	1.05	63	0.111	0.000	13.4	57	5.1	12.6	10.63	1.2316	0.05	345	1	100.0	15
01/01/25	15:15	7.7	7.7	7.6	93	6.6	16.1	WSW	4.02	37.0	SW	4.7	7.8	4.8	---	1021.1	0.00	0.0	39	0.84	56	0.111	0.000	13.4	57	5.1	12.6	10.63	1.2311	0.00	350	1	100.0	15
01/01/25	15:30	7.6	7.7	7.6	93	6.5	14.5	WSW	3.62	38.6	W	4.8	7.7	4.9	---	1021.1	0.00	0.0	28	0.60	33	0.112	0.000	13.4	57	5.1	12.6	10.63	1.2311	0.00	345	1	100.0	15
01/01/25	15:45	7.5	7.6	7.5	93	6.4	14.5	WSW	3.62	29.0	SW	4.8	7.6	4.9	---	1020.9	0.00	0.0	31	0.67	40	0.113	0.000	13.4	57	5.1	12.6	10.63	1.2309	0.00	346	1	100.0	15
01/01/25	16:00	7.5	7.6	7.5	93	6.4	12.9	SW	3.22	29.0	W	5.1	7.6	5.2	---	1020.8	0.00	0.0	24	0.52	33	0.113	0.000	13.4	58	5.3	12.6	10.75	1.2309	0.03	348	1	100.0	15
01/01/25	16:15	7.6	7.6	7.5	93	6.6	12.9	WSW	3.22	30.6	SW	5.2	7.7	5.3	---	1020.9	0.00	0.0	23	0.49	30	0.112	0.000	13.4	58	5.3	12.6	10.75	1.2310	0.00	349	1	100.0	15
01/01/25	16:30	7.7	7.7	7.6	93	6.7	14.5	SSW	3.62	27.4	WSW	5.1	7.8	5.2	---	1020.9	0.00	0.0	15	0.32	23	0.111	0.000	13.4	58	5.3	12.6	10.75	1.2307	0.00	347	1	100.0	15
01/01/25	16:45	7.7	7.7	7.7	93	6.6	16.1	WSW	4.02	37.0	WSW	4.7	7.8	4.8	---	1020.8	0.00	0.0	8	0.17	11	0.111	0.000	13.4	58	5.3	12.6	10.75	1.2309	0.00	349	1	100.0	15
01/01/25	17:00	7.7	7.8	7.7	93	6.7	16.1	WSW	4.02	37.0	WSW	4.7	7.8	4.8	---	1020.8	0.00	0.0	3	0.06	5	0.111	0.000	13.4	58	5.3	12.6	10.75	1.2309	0.00	345	1	100.0	15
01/01/25	17:15	7.9	7.9	7.7	93	6.8	14.5	WSW	3.62	32.2	WSW	5.2	8.0	5.3	---	1020.7	0.00	0.0	0	0.00	0	0.109	0.000	13.4	58	5.3	12.6	10.75	1.2305	0.00	349	1	100.0	15
01/01/25	17:30	7.9	7.9	7.9	93	6.9	14.5	WSW	3.62	29.0	WSW	5.3	8.1	5.4	---	1020.5	0.00	0.0	0	0.00	0	0.108	0.000	13.4	58	5.3	12.6	10.75	1.2305	0.00	349	1	100.0	15
01/01/25	17:45	7.9	7.9	7.9	93	6.9	17.7	WSW	4.43	35.4	SW	4.7	8.1	4.8	---	1020.2	0.00	0.0	0	0.00	0	0.108	0.000	13.4	58	5.3	12.6	10.75	1.2302	0.00	347	1	100.0	15
01/01/25	18:00	7.9	8.0	7.9	94	7.0	16.1	WSW	4.02	30.6	WSW	5.0	8.1	5.2	---	1020.1	0.00	0.0	0	0.00	0	0.108	0.000	13.4	58	5.3	12.6	10.75	1.2301	0.00	349	1	100.0	15
01/01/25	18:15	7.9	8.0	7.9	94	7.0	16.1	WSW	4.02	29.0	WSW	5.0	8.1	5.2	---	1020.1	0.00	0.0	0	0.00	0	0.108	0.000	13.3	58	5.2	12.5	10.75	1.2303	0.00	347	1	100.0	15
01/01/25	18:30	7.9	7.9	7.9	94	7.0	14.5	WSW	3.62	30.6	WSW	5.3	8.1	5.4	---	1019.9	0.00	0.0	0	0.00	0	0.108	0.000	13.3	59	5.5	12.6	10.95	1.2299	0.00	350	1	100.0	15
01/01/25	18:45	8.1	8.1	7.9	94	7.1	16.1	WSW	4.02	33.8	SW	5.1	8.2	5.3	---	1019.8	0.00	0.0	0	0.00	0	0.107	0.000	13.3	59	5.5	12.6	10.95	1.2298	0.00	347	1	100.0	15
01/01/25	19:00	8.2	8.2	8.1	94	7.3	14.5	WSW	3.62	32.2	WSW	5.6	8.3	5.7	---	1019.7	0.00	0.0	0	0.00	0	0.106	0.000	13.2	58	5.1	12.4	10.75	1.2304	0.00	348	1	100.0	15
01/01/25	19:15	8.3	8.3	8.2	94	7.4	14.5	WSW	3.62	32.2	WSW	5.7	8.5	5.9	---	1019.8	0.00	0.0	0	0.00	0	0.104	0.000	13.2	58	5.1	12.4	10.75	1.2306	0.00	344	1	100.0	15
01/01/25	19:30	8.6	8.6	8.3	93	7.5	16.1	WSW	4.02	35.4	WSW	5.7	8.7	5.9	---	1019.9	0.00	0.0	0	0.00	0	0.102	0.000	13.2	58	5.1	12.3	10.75	1.2309	0.00	352	1	100.0	15
01/01/25	19:45	8.7	8.7	8.6	94	7.8	16.1	WSW	4.02	35.4	SW	5.8	8.8	6.0	---	1019.8	0.00	0.0	0	0.00	0	0.101	0.000	13.1	58	5.0	12.3	10.75	1.2310	0.00	345	1	100.0	15
01/01/25	20:00	8.8	8.8	8.6	94	7.9	16.1	WSW	4.02	29.0	WSW	6.0	8.9	6.2	---	1019.7	0.00	0.0	0	0.00	0	0.100	0.000	13.1	58	5.0	12.3	10.75	1.2312	0.00	348	1	100.0	15
01/01/25	20:15	8.9	8.9	8.8	94	8.0	14.5	WSW	3.62	29.0	SW	6.4	9.1	6.6	---	1019.6	0.00	0.0	0	0.00	0	0.098	0.000	13.1	58	5.0	12.3	10.75	1.2311	0.00	346	1	100.0	15
01/01/25	20:30	9.2	9.2	8.9	93	8.1	16.1	WSW	4.02	33.8	WSW	6.4	9.4	6.7	---	1019.5	0.00	0.0	0	0.00	0	0.095	0.000	13.0	58	4.9	12.2	10.75	1.2313	0.00	351	1	100.0	15
01/01/25	20:45	9.4	9.4	9.2	93	8.4	14.5	SW	3.62	30.6	WSW	7.1	9.7	7.3	---	1019.4	0.00	0.0	0	0.00	0	0.093	0.000	13.0	58	4.9	12.2	10.75	1.2312	0.00	345	1	100.0	15
01/01/25	21:00	9.6	9.7	9.4	92	8.4	17.7	WSW	4.43	33.8	WSW	6.7	9.8	6.9	---	1019.3	0.00	0.0	0	0.00	0	0.091	0.000	12.9	58	4.9	12.2	10.75	1.2312	0.00	349	1	100.0	15
01/01/25	21:15	9.7	9.7	9.6	92	8.4	17.7	WSW	4.43	32.2	SW	6.7	9.9	6.9	---	1019.0	0.00	0.0	0	0.00	0	0.090	0.000	12.9	58	4.9	12.2	10.75	1.2309	0.00	346	1	100.0	15
01/01/25	21:30	9.7	9.7	9.6	92	8.4	16.1	WSW	4.02	38.6	SW	7.0	9.9	7.2	---	1018.9	0.00	0.0	0	0.00	0	0.090	0.000	12.9	58	4.8	12.1	10.75	1.2310	0.00	350	1	100.0	15
01/01/25	21:45	9.7	9.7	9.6	92	8.5	17.7	WSW	4.43	33.8	WSW	6.8	9.9	7.0	---	1018.7	0.00	0.0	0	0.00	0	0.090	0.000	12.9	58	4.8	12.1	10.75	1.2309	0.00	347	1	100.0	15
01/01/25	22:00	9.8	9.8	9.7	92	8.5	16.1	WSW	4.02	38.6	WSW	7.1	10.0	7.3	---	1018.6	0.00	0.0	0	0.00	0	0.089	0.000	12.9	58	4.8	12.1	10.75	1.2307	0.00	348	1	100.0	15
01/01/25	22:15	9.9	9.9	9.8	92	8.6	16.1	WSW	4.02	45.1	W	7.3	10.1	7.5	---	1018.4	0.00	0.0	0	0.00	0	0.088	0.000	12.9	58	4.8	12.1	10.75	1.2305	0.00	347	1	100.0	15
01/01/25	22:30	9.9	10.0	9.9	92	8.7	16.1	WSW	4.02	29.0	WSW	7.3	10.2	7.6	---	1018.2	0.00	0.0	0	0.00	0	0.087	0.000	12.8	58	4.8	12.1	10.75	1.2305	0.00	347	1	100.0	15
01/01/25	22:45	10.1	10.2	9.9	91	8.7	17.7	WSW	4.43	41.8	WSW	7.2	10.3	7.4	---	1017.9	0.00	0.0	0	0.00	0	0.086	0.000	12.8	58	4.8	12.1	10.75	1.2302	0.00	349	1	100.0	15
01/01/25	23:00	10.3	10.3	10.1	91	8.9	17.7	WSW	4.43	32.2	W	7.4	10.4	7.6	---	1017.7	0.00	0.0	0	0.00	0	0.084	0.000	12.8	58	4.8	12.1	10.75	1.2299	0.00	347	1	100.0	15
01/01/25	23:15	10.3	10.4	10.3	91	8.9	17.7	WSW	4.43	32.2	W	7.5	10.5	7.7	---	1017.6	0.00	0.0	0	0.00	0	0.083	0.000	12.8	58	4.8	12.1	10.75	1.2297	0.00	349	1	100.0	15
01/01/25	23:30	10.4	10.4	10.3	90	8.8	19.3	WSW	4.83	35.4	SW	7.3	10.5	7.4	---	1017.5	0.00	0.0	0	0.00	0	0.083	0.000	12.8	58	4.8	12.1	10.75	1.2296	0.00	346	1	100.0	15
01/01/25	23:45	10.3	10.4	10.3	91	8.9	17.7	WSW	4.43	37.0	WSW	7.4	10.4	7.6	---	1017.4	0.00	0.0	0	0.00	0	0.084	0.000	12.8	58	4.8	12.1	10.75	1.2295	0.00	349	1	100.0	15
02/01/25	00:00	10.3	10.4	10.3	91	8.9	17.7	WSW	4.43	37.0	WSW	7.5	10.5	7.7	---	1017.2	0.00	0.0	0	0.00	0	0.083	0.000	12.8	58	4.8	12.1	10.75	1.2293	0.00	345	1	100.0	15
02/01/25	0:15	10.4	10.4	10.3	91	9.0	14.5	WSW	3.62	33.8	SW	8.2	10.6	8.3	---	1017.2	0.00	0.0	0	0.00	0	0.083	0.000	12.8	58	4.8	12.1	10.75	1.2293	0.00	348	1	100.0	15
02/01/25	0:30	10.6	10.6	10.4	90	9.0	19.3	WSW	4.83	40.2	WSW	7.5	10.7	7.6	---	1017.1	0.00	0.0	0	0.00	0	0.080	0.000	12.8	58	4.7	12.0	10.75	1.2294	0.00	346	1	100.0	15
02/01/25	0:45	10.7	10.7	10.6	90	9.1	17.7	WSW	4.43	35.4	WSW	7.8	10.8	7.9	---	1016.8	0.00	0.0	0	0.00	0	0.080	0.000	12.8	58	4.8	12.1	10.75	1.2288	0.00	351	1	100.0	15
02/01/25	1:00	10.6	10.7	10.5	91	9.1	16.1	WSW	4.02	32.2	W	8.1	10.7	8.2	---	1016.9	0.00	0.0	0	0.00	0	0.081	0.000	12.8	58	4.7	12.0	10.75	1.2291	0.00	345	1	100.0	15
02/01/25	1:15	10.7	10.8	10.6	90	9.1	16.1	WSW	4.02	33.8	WSW	8.2	10.8	8.3	---	1016.5	0.00	0.0	0	0.00	0	0.079	0.000	12.8	58	4.7	12.0	10.75	1.2287	0.00	348	1	100.0	15
02/01/25	1:30	11.0	11.1	10.8	89	9.3	16.1	WSW	4.02	30.6	WSW	8.6	11.1	8.7	---	1016.0	0.00	0.0	0	0.00	0	0.076	0.000	12.8	58	4.7	12.0	10.75	1.2281	0.00	345	1	100.0	15
02/01/25	1:45	11.5	11.6	11.1	87	9.4	19.3	W	4.83	48.3	W	8.6	11.5	8.6	---	1015.7	0.00	0.0	0	0.00	0	0.071	0.000	12.8	58	4.7	12.0	10.75	1.2277	0.00	347	1	100.0	15
02/01/25	2:00	11.8	11.8	11.6	87	9.7	20.9	W	5.23	48.3	W	8.7	11.8	8.7	---	1015.6	0.00	0.0	0	0.00	0	0.068	0.000	12.8	58	4.7	12.0	10.75	1.2276	0.00	349	1	100.0	15
02/01/25	2:15	11.8	11.8	11.8	87	9.7	19.3	W	4.83	43.5	WSW	8.9	11.8	8.9	---	1015.4	0.00	0.0	0	0.00	0	0.068	0.000	12.8	58	4.7	12.0	10.75	1.2274	0.00	347	1	100.0	15
02/01/25	2:30	11.9	11.9	11.8	87	9.8	19.3	W	4.83	40.2	W	9.0	11.9	9.0	---	1015.3	0.00	0.0	0	0.00	0	0.067	0.000	12.8	58	4.7	12.0	10.75	1.2272	0.00	350	1	100.0	15
02/01/25	2:45	11.9	12.0	11.9	87	9.8	20.9	W	5.23	38.6	WNW	8.8	11.9	8.8	---	1015.2	0.00	0.0	0	0.00	0	0.067	0.000	12.8	58	4.7	12.0	10.75	1.2272	0.00	346	1	100.0	15
02/01/25	3:00	11.8	11.9	11.8	88	9.9	19.3	W	4.83	38.6	W	8.9	11.8	8.9	---	1015.3	0.00	0.0	0	0.00	0	0.068	0.000	12.8	58	4.7	12.0	10.75	1.2272	0.03	351	1	100.0	15
02/01/25	3:15	11.6	11.8	11.6	89	9.9	20.9	W	5.23	37.0	W	8.4	11.7	8.5	---	1015.1	0.00	0.0	0	0.00	0	0.070	0.000	12.8	58	4.7	12.0	10.75	1.2270	0.00	344	1	100.0	15
02/01/25	3:30	11.4	11.7	11.4	91	10.0	20.9	W	5.23	40.2	W	8.2	11.5	8.3	---	1014.9	0.00	0.0	0	0.00	0	0.072	0.000	12.8	58	4.7	12.0	10.75	1.2268	0.00	350	1	100.0	15
02/01/25	3:45	11.2	11.4	11.2	92	10.0	20.9	W	5.23	37.0	W	8.0	11.4	8.2	---	1014.8	0.00	0.0	0	0.00	0	0.074	0.000	12.8	58	4.7	12.0	10.75	1.2266	0.00	342	1	100.0	15
02/01/25	4:00	10.9	11.2	10.9	94	10.0	16.1	W	4.02	33.8	W	8.4	11.1	8.7	---	1014.8	0.00	0.0	0	0.00	0	0.078	0.000	12.8	58	4.7	12.0	10.75	1.2266	0.00	337	1	98.5	15
02/01/25	4:15	10.8	10.9	10.8	95	10.0	17.7	W	4.43	29.0	WNW	8.0	11.0	8.2	---	1014.6	0.00	0.0	0	0.00	0	0.079	0.000	12.8	58	4.7	12.0	10.75	1.2263	0.00	286	1	83.6	15
02/01/25	4:30	10.8	10.8	10.7	95	10.0	17.7	W	4.43	37.0	W	8.0	11.0	8.2	---	1014.3	0.00	0.0	0	0.00	0	0.079	0.000	12.7	58	4.7	11.9	10.75	1.2263	0.00	327	1	95.6	15
02/01/25	4:45	10.8	10.8	10.7	95	10.0	19.3	WNW	4.83	48.3	WNW	7.7	11.0	7.9	---	1013.9	0.00	0.0	0	0.00	0	0.079	0.000	12.7	58	4.7	11.9	10.75	1.2257	0.00	329	1	96.2	15
02/01/25	5:00	10.8	10.8	10.7	95	10.0	20.9	WNW	5.23	40.2	NW	7.5	11.0	7.7	---	1013.8	0.00	0.0	0	0.00	0	0.079	0.000	12.7	58	4.7	11.9	10.75	1.2257	0.00	313	1	91.5	15
02/01/25	5:15	10.7	10.8	10.7	96	10.1	19.3	WNW	4.83	46.7	WNW	7.7	10.9	7.9	---	1013.8	0.00	0.0	0	0.00	0	0.079	0.000	12.7	58	4.7	11.9	10.75	1.2257	0.00	306	1	89.5	15
02/01/25	5:30	10.7	10.7	10.7	96	10.1	16.1	WNW	4.02	38.6	NW	8.2	10.9	8.4	---	1014.7	0.00	0.0	0	0.00	0	0.079	0.000	12.7	58	4.7	11.9	10.75	1.2268	0.00	286	1	83.6	15
02/01/25	5:45	7.4	10.7	7.4	94	6.5	12.9	E	3.22	25.7	ESE	5.1	7.6	5.2	---	1015.0	0.00	0.0	0	0.00	0	0.113	0.000	12.7	58	4.7	11.9	10.75	1.2271	0.00	240	1	70.2	15
02/01/25	6:00	6.8	7.4	6.8	96	6.2	12.9	E	3.22	20.9	E	4.2	6.9	4.3	---	1015.3	0.00	0.0	0	0.00	0	0.120	0.000	12.7	58	4.7	11.9	10.75	1.2275	0.00	227	1	66.4	15
02/01/25	6:15	6.7	6.8	6.6	96	6.1	11.3	E	2.82	20.9	E	4.4	6.8	4.6	---	1015.4	0.00	0.0	0	0.00	0	0.122	0.000	12.7	58	4.7	11.9	10.75	1.2276	0.00	210	1	61.4	15
02/01/25	6:30	6.3	6.7	6.3	96	5.7	11.3	E	2.82	24.1	E	4.0	6.4	4.1	---	1015.6	0.00	0.0	0	0.00	0	0.126	0.000	12.7	58	4.7	11.9	10.75	1.2279	0.00	273	1	79.8	15
02/01/25	6:45	5.8	6.3	5.8	96	5.2	11.3	E	2.82	22.5	ESE	3.4	5.9	3.5	---	1015.6	0.00	0.0	0	0.00	0	0.130	0.000	12.8	58	4.7	12.0	10.75	1.2276	0.00	307	1	89.8	15
02/01/25	7:00	5.7	5.9	5.7	96	5.1	12.9	E	3.22	29.0	E	2.9	5.7	2.9	---	1015.9	0.00	0.0	0	0.00	0	0.132	0.000	12.8	58	4.8	12.1	10.75	1.2276	0.00	307	1	89.8	15
02/01/25	7:15	5.6	5.7	5.6	96	5.0	8.0	E	2.01	20.9	ESE	3.8	5.7	3.9	---	1016.1	0.00	0.0	0	0.00	0	0.133	0.000	12.9	59	5.1	12.1	10.95	1.2275	0.00	306	1	89.5	15
02/01/25	7:30	5.6	5.7	5.6	96	5.0	8.0	E	2.01	17.7	ESE	3.8	5.6	3.8	---	1016.2	0.00	0.0	0	0.00	0	0.133	0.000	12.9	59	5.1	12.2	10.95	1.2273	0.00	303	1	88.6	15
02/01/25	7:45	5.6	5.6	5.5	97	5.1	6.4	E	1.61	12.9	ESE	4.2	5.6	4.3	---	1016.3	0.00	0.0	0	0.00	0	0.133	0.000	12.9	59	5.1	12.2	10.95	1.2274	0.00	317	1	92.7	15
02/01/25	8:00	5.6	5.6	5.5	97	5.1	4.8	E	1.21	11.3	ESE	4.8	5.6	4.8	---	1016.5	0.00	0.0	0	0.00	0	0.133	0.000	12.9	59	5.1	12.2	10.95	1.2276	0.00	330	1	96.5	15
02/01/25	8:15	5.6	5.6	5.5	97	5.1	4.8	E	1.21	11.3	ESE	4.8	5.6	4.8	---	1016.8	0.00	0.0	0	0.00	0	0.133	0.000	13.0	59	5.2	12.2	10.95	1.2277	0.00	289	1	84.5	15
02/01/25	8:30	5.4	5.6	5.4	97	5.0	6.4	E	1.61	12.9	E	4.1	5.5	4.2	---	1016.9	0.00	0.0	0	0.00	0	0.134	0.000	13.1	59	5.2	12.3	10.95	1.2276	0.00	294	1	86.0	15
02/01/25	8:45	5.4	5.5	5.4	97	5.0	3.2	ENE	0.80	11.3	E	5.4	5.5	5.5	---	1017.2	0.00	0.0	0	0.00	0	0.134	0.000	13.0	59	5.2	12.2	10.95	1.2282	0.00	318	1	93.0	15
02/01/25	9:00	5.4	5.5	5.4	97	5.0	1.6	ENE	0.40	8.0	ENE	5.4	5.5	5.5	---	1017.4	0.00	0.0	0	0.00	0	0.134	0.000	13.1	59	5.2	12.3	10.95	1.2283	0.00	312	1	91.2	15
02/01/25	9:15	5.5	5.5	5.4	97	5.1	3.2	ENE	0.80	8.0	ENE	5.5	5.6	5.6	---	1017.6	0.00	0.0	0	0.00	0	0.134	0.000	13.1	59	5.2	12.3	10.95	1.2285	0.00	311	1	90.9	15
02/01/25	9:30	5.3	5.5	5.3	97	4.9	4.8	ENE	1.21	12.9	ENE	4.6	5.4	4.6	---	1017.8	0.00	0.0	2	0.04	5	0.135	0.000	13.1	59	5.2	12.3	10.95	1.2287	0.00	322	1	94.2	15
02/01/25	9:45	5.2	5.3	5.2	97	4.8	6.4	ENE	1.61	12.9	ENE	3.8	5.3	3.9	---	1018.0	0.00	0.0	7	0.15	9	0.137	0.000	13.1	58	5.0	12.3	10.75	1.2288	0.00	299	1	87.4	15
02/01/25	10:00	5.2	5.3	5.2	97	4.7	4.8	E	1.21	12.9	E	4.3	5.2	4.4	---	1018.4	0.00	0.0	11	0.24	12	0.137	0.000	13.1	58	5.0	12.3	10.75	1.2293	0.00	309	1	90.4	15
02/01/25	10:15	5.2	5.2	5.2	97	4.7	3.2	ENE	0.80	6.4	ENE	5.1	5.2	5.2	---	1018.6	0.00	0.0	16	0.34	18	0.137	0.000	13.1	58	5.0	12.3	10.75	1.2299	0.00	331	1	96.8	15
02/01/25	10:30	5.1	5.2	5.1	98	4.8	1.6	NE	0.40	6.4	ENE	5.1	5.2	5.2	---	1018.7	0.00	0.0	19	0.41	21	0.138	0.000	13.1	58	5.0	12.3	10.75	1.2297	0.00	313	1	91.5	15
02/01/25	10:45	5.2	5.2	5.1	98	4.9	1.6	ENE	0.40	4.8	NE	5.2	5.3	5.3	---	1018.9	0.00	0.0	24	0.52	28	0.137	0.000	13.2	58	5.1	12.3	10.75	1.2297	0.00	318	1	93.0	15
02/01/25	11:00	5.3	5.3	5.2	98	5.0	0.0	NE	0.00	3.2	NNE	5.3	5.4	5.4	---	1019.0	0.00	0.0	34	0.73	39	0.136	0.000	13.2	58	5.1	12.4	10.75	1.2296	0.00	290	1	84.8	15
02/01/25	11:15	5.3	5.3	5.3	98	5.0	0.0	---	0.00	0.0	---	5.3	5.4	5.4	---	1019.3	0.00	0.0	41	0.88	44	0.135	0.000	13.3	58	5.2	12.5	10.75	1.2293	0.00	261	1	76.3	15
02/01/25	11:30	5.5	5.5	5.3	98	5.2	0.0	---	0.00	0.0	---	5.5	5.6	5.6	---	1019.1	0.00	0.0	46	0.99	49	0.134	0.000	13.4	58	5.3	12.6	10.75	1.2288	0.00	248	1	72.5	15
02/01/25	11:45	5.5	5.6	5.4	98	5.2	0.0	---	0.00	0.0	---	5.5	5.6	5.6	---	1019.2	0.00	0.0	51	1.10	54	0.134	0.000	13.4	58	5.3	12.6	10.75	1.2287	0.00	278	1	81.3	15
02/01/25	12:00	5.6	5.6	5.5	98	5.3	1.6	ENE	0.40	6.4	N	5.6	5.7	5.7	---	1019.2	0.00	0.0	61	1.31	63	0.133	0.000	13.6	58	5.4	12.7	10.75	1.2282	0.03	230	1	67.3	15
02/01/25	12:15	5.6	5.6	5.6	98	5.3	3.2	N	0.80	8.0	NE	5.6	5.7	5.7	---	1019.0	0.00	0.0	60	1.29	63	0.133	0.000	13.6	58	5.5	12.8	10.75	1.2276	0.00	206	1	60.2	15
02/01/25	12:30	5.7	5.7	5.6	98	5.4	3.2	NNE	0.80	6.4	NNW	5.7	5.8	5.8	---	1019.0	0.00	0.0	59	1.27	63	0.132	0.000	13.7	58	5.5	12.8	10.75	1.2273	0.00	255	1	74.6	15
02/01/25	12:45	5.8	5.8	5.7	98	5.5	3.2	NNE	0.80	6.4	ENE	5.8	5.9	5.9	---	1019.0	0.00	0.0	62	1.33	67	0.130	0.000	13.7	58	5.6	12.9	10.75	1.2271	0.00	214	1	62.6	15
02/01/25	13:00	5.9	5.9	5.8	98	5.7	1.6	ENE	0.40	6.4	N	5.9	6.1	6.1	---	1018.9	0.00	0.0	57	1.23	63	0.129	0.000	13.7	58	5.6	12.9	10.75	1.2269	0.03	188	1	55.0	15
02/01/25	13:15	5.9	6.0	5.9	98	5.7	3.2	ENE	0.80	8.0	N	5.9	6.1	6.1	---	1018.9	0.00	0.0	49	1.05	53	0.129	0.000	13.8	58	5.7	12.9	10.75	1.2266	0.00	152	1	44.4	15
02/01/25	13:30	5.9	5.9	5.9	98	5.7	3.2	N	0.80	6.4	N	5.9	6.1	6.1	---	1019.0	0.00	0.0	39	0.84	42	0.129	0.000	13.9	58	5.8	13.1	10.75	1.2260	0.00	69	1	20.2	15
02/01/25	13:45	---	---	---	---	---	0.0	---	0.00	0.0	---	---	---	---	---	1019.0	0.00	0.0	---	---	---	---	---	14.0	57	5.6	13.1	10.61	1.2258	0.00	0	1	0.0	15
02/01/25	14:00	6.0	6.0	5.9	98	5.7	3.2	N	0.80	9.7	NNW	6.0	6.1	6.1	---	1018.9	0.00	0.0	67	1.44	81	0.128	0.000	14.0	58	5.9	13.2	10.75	1.2256	0.03	114	1	33.3	15
02/01/25	14:15	6.1	6.1	6.0	98	5.8	4.8	N	1.21	12.9	NNW	5.4	6.2	5.5	---	1018.9	0.00	0.0	69	1.48	86	0.128	0.000	14.0	58	5.9	13.2	10.75	1.2255	0.00	187	1	54.7	15
02/01/25	14:30	6.3	6.3	6.1	98	6.0	1.6	NW	0.40	6.4	NNW	6.3	6.4	6.4	---	1018.9	0.00	0.0	69	1.48	88	0.126	0.000	14.0	58	5.9	13.2	10.75	1.2255	0.00	252	1	73.7	15
02/01/25	14:45	6.3	6.3	6.3	98	6.0	4.8	N	1.21	11.3	NNE	5.6	6.4	5.7	---	1018.9	0.00	0.0	50	1.08	62	0.126	0.000	14.0	58	5.9	13.2	10.75	1.2255	0.00	240	1	70.2	15
02/01/25	15:00	6.3	6.3	6.2	98	6.0	4.8	ENE	1.21	14.5	NE	5.6	6.4	5.7	---	1018.9	0.00	0.0	36	0.77	47	0.126	0.000	14.1	58	5.9	13.2	10.75	1.2252	0.03	185	1	54.1	15
02/01/25	15:15	6.4	6.4	6.2	98	6.1	3.2	ENE	0.80	11.3	E	6.4	6.6	6.6	---	1019.1	0.00	0.0	44	0.95	53	0.124	0.000	14.1	58	5.9	13.2	10.75	1.2255	0.00	240	1	70.2	15
02/01/25	15:30	6.3	6.4	6.3	98	6.0	3.2	ENE	0.80	17.7	ENE	6.3	6.5	6.5	---	1019.2	0.00	0.0	28	0.60	32	0.125	0.000	14.1	58	5.9	13.2	10.75	1.2257	0.00	324	1	94.7	15
02/01/25	15:45	6.4	6.4	6.3	98	6.2	3.2	ENE	0.80	8.0	ENE	6.4	6.6	6.6	---	1019.5	0.00	0.0	31	0.67	47	0.124	0.000	14.1	58	6.0	13.3	10.75	1.2257	0.00	340	1	99.4	15
02/01/25	16:00	6.5	6.5	6.4	98	6.2	3.2	ENE	0.80	12.9	ENE	6.5	6.7	6.7	---	1019.7	0.00	0.0	49	1.05	56	0.123	0.000	14.2	58	6.0	13.3	10.75	1.2257	0.03	340	1	99.4	15
02/01/25	16:15	6.6	6.6	6.5	98	6.3	3.2	ENE	0.80	9.7	ENE	6.6	6.7	6.7	---	1019.7	0.00	0.0	37	0.80	44	0.123	0.000	14.2	58	6.0	13.3	10.75	1.2257	0.00	343	1	100.0	15
02/01/25	16:30	6.6	6.6	6.6	98	6.3	3.2	ENE	0.80	8.0	NE	6.6	6.8	6.8	---	1020.0	0.00	0.0	21	0.45	35	0.122	0.000	14.2	58	6.0	13.3	10.75	1.2260	0.00	346	1	100.0	15
02/01/25	16:45	6.6	6.7	6.6	98	6.3	3.2	ENE	0.80	8.0	ENE	6.6	6.8	6.8	---	1020.4	0.00	0.0	17	0.37	18	0.122	0.000	14.2	58	6.0	13.3	10.75	1.2265	0.00	344	1	100.0	15
02/01/25	17:00	6.6	6.7	6.6	97	6.2	4.8	ENE	1.21	9.7	ENE	6.0	6.8	6.2	---	1020.5	0.00	0.0	12	0.26	14	0.122	0.000	14.2	58	6.0	13.3	10.75	1.2267	0.00	345	1	100.0	15
02/01/25	17:15	6.6	6.6	6.6	97	6.1	3.2	NE	0.80	6.4	ENE	6.6	6.7	6.7	---	1020.6	0.00	0.0	2	0.04	7	0.123	0.000	14.2	58	6.1	13.4	10.75	1.2265	0.00	342	1	100.0	15
02/01/25	17:30	6.5	6.6	6.4	97	6.1	3.2	NE	0.80	4.8	NE	6.5	6.7	6.7	---	1020.7	0.00	0.0	0	0.00	0	0.123	0.000	14.2	58	6.0	13.3	10.75	1.2269	0.00	342	1	100.0	15
02/01/25	17:45	6.4	6.5	6.3	97	5.9	3.2	NE	0.80	6.4	NE	6.4	6.5	6.5	---	1020.8	0.00	0.0	0	0.00	0	0.124	0.000	14.2	58	6.0	13.3	10.75	1.2270	0.00	340	1	99.4	15
02/01/25	18:00	6.3	6.4	6.3	97	5.8	3.2	NE	0.80	6.4	NE	6.3	6.4	6.4	---	1021.1	0.00	0.0	0	0.00	0	0.126	0.000	14.2	58	6.0	13.3	10.75	1.2274	0.00	344	1	100.0	15
02/01/25	18:15	6.2	6.3	6.2	97	5.8	3.2	NE	0.80	6.4	ENE	6.2	6.3	6.3	---	1021.5	0.00	0.0	0	0.00	0	0.126	0.000	14.1	58	6.0	13.3	10.75	1.2281	0.00	341	1	99.7	15
02/01/25	18:30	6.1	6.2	6.1	97	5.7	3.2	NE	0.80	8.0	NE	6.1	6.2	6.2	---	1021.6	0.00	0.0	0	0.00	0	0.127	0.000	14.1	58	5.9	13.2	10.75	1.2285	0.00	344	1	100.0	15
02/01/25	18:45	6.0	6.1	6.0	97	5.6	3.2	NE	0.80	6.4	NE	6.0	6.1	6.1	---	1021.5	0.00	0.0	0	0.00	0	0.128	0.000	14.0	58	5.9	13.2	10.75	1.2287	0.00	343	1	100.0	15
02/01/25	19:00	5.9	6.0	5.9	97	5.4	3.2	ENE	0.80	8.0	NE	5.9	6.0	6.0	---	1021.8	0.00	0.0	0	0.00	0	0.130	0.000	13.9	57	5.6	13.1	10.61	1.2295	0.00	344	1	100.0	15
02/01/25	19:15	5.8	5.9	5.8	97	5.4	4.8	ENE	1.21	9.7	ENE	5.1	5.9	5.2	---	1022.1	0.00	0.0	0	0.00	0	0.130	0.000	13.9	57	5.5	13.0	10.61	1.2302	0.00	343	1	100.0	15
02/01/25	19:30	5.7	5.8	5.7	97	5.3	3.2	ENE	0.80	8.0	NE	5.7	5.8	5.8	---	1022.4	0.00	0.0	0	0.00	0	0.131	0.000	13.8	57	5.5	12.9	10.61	1.2308	0.00	337	1	98.5	15
02/01/25	19:45	5.7	5.8	5.7	97	5.3	3.2	ENE	0.80	6.4	NE	5.7	5.8	5.8	---	1022.4	0.00	0.0	0	0.00	0	0.131	0.000	13.8	57	5.4	12.9	10.61	1.2311	0.00	346	1	100.0	15
02/01/25	20:00	5.7	5.7	5.7	97	5.2	3.2	ENE	0.80	6.4	NE	5.7	5.7	5.7	---	1022.6	0.00	0.0	0	0.00	0	0.132	0.000	13.8	57	5.4	12.9	10.61	1.2313	0.00	330	1	96.5	15
02/01/25	20:15	5.6	5.7	5.6	97	5.2	4.8	ENE	1.21	8.0	ENE	4.8	5.7	4.9	---	1022.8	0.00	0.0	0	0.00	0	0.133	0.000	13.7	57	5.3	12.8	10.62	1.2319	0.00	344	1	100.0	15
02/01/25	20:30	5.6	5.6	5.5	97	5.1	3.2	ENE	0.80	8.0	NE	5.6	5.6	5.6	---	1023.0	0.00	0.0	0	0.00	0	0.133	0.000	13.7	57	5.3	12.8	10.62	1.2320	0.00	340	1	99.4	15
02/01/25	20:45	5.4	5.6	5.4	97	5.0	3.2	ENE	0.80	8.0	ENE	5.4	5.5	5.5	---	1023.1	0.00	0.0	0	0.00	0	0.134	0.000	13.7	57	5.3	12.8	10.62	1.2325	0.00	340	1	99.4	15
02/01/25	21:00	5.4	5.4	5.4	97	5.0	1.6	NE	0.40	6.4	ENE	5.4	5.5	5.5	---	1023.3	0.00	0.0	0	0.00	0	0.134	0.000	13.7	57	5.3	12.8	10.62	1.2327	0.00	338	1	98.8	15
02/01/25	21:15	5.3	5.4	5.3	97	4.9	4.8	ENE	1.21	8.0	NE	4.6	5.4	4.6	---	1023.4	0.00	0.0	0	0.00	0	0.135	0.000	13.6	57	5.2	12.7	10.62	1.2331	0.00	342	1	100.0	15
02/01/25	21:30	5.2	5.3	5.2	97	4.8	3.2	ENE	0.80	6.4	NE	5.2	5.3	5.2	---	1023.4	0.00	0.0	0	0.00	0	0.137	0.000	13.6	57	5.2	12.7	10.62	1.2331	0.00	345	1	100.0	15
02/01/25	21:45	5.1	5.2	5.1	96	4.5	4.8	E	1.21	9.7	E	4.3	5.2	4.3	---	1023.5	0.00	0.0	0	0.00	0	0.138	0.000	13.6	57	5.2	12.7	10.62	1.2333	0.00	340	1	99.4	15
02/01/25	22:00	5.1	5.2	5.1	96	4.5	3.2	E	0.80	9.7	ESE	5.0	5.1	5.1	---	1023.8	0.00	0.0	0	0.00	0	0.138	0.000	13.6	57	5.2	12.7	10.62	1.2336	0.00	344	1	100.0	15
02/01/25	22:15	5.1	5.1	5.0	96	4.5	1.6	E	0.40	4.8	ENE	5.1	5.1	5.1	---	1023.7	0.00	0.0	0	0.00	0	0.138	0.000	13.6	57	5.2	12.7	10.62	1.2338	0.00	339	1	99.1	15
02/01/25	22:30	4.9	5.0	4.9	96	4.3	3.2	E	0.80	6.4	E	4.8	4.9	4.9	---	1024.0	0.00	0.0	0	0.00	0	0.140	0.000	13.6	57	5.2	12.7	10.62	1.2341	0.00	342	1	100.0	15
02/01/25	22:45	4.8	4.9	4.8	96	4.2	4.8	E	1.21	12.9	E	4.0	4.9	4.1	---	1024.0	0.00	0.0	0	0.00	0	0.141	0.000	13.6	57	5.2	12.7	10.62	1.2342	0.00	344	1	100.0	15
02/01/25	23:00	4.7	4.8	4.7	95	4.0	3.2	E	0.80	11.3	E	4.6	4.8	4.7	---	1024.3	0.00	0.0	0	0.00	0	0.142	0.000	13.6	57	5.2	12.7	10.62	1.2344	0.00	340	1	99.4	15
02/01/25	23:15	4.6	4.7	4.6	95	3.9	3.2	E	0.80	6.4	E	4.5	4.7	4.6	---	1024.4	0.00	0.0	0	0.00	0	0.143	0.000	13.5	57	5.1	12.7	10.62	1.2349	0.00	347	1	100.0	15
02/01/25	23:30	4.6	4.6	4.5	95	3.8	4.8	E	1.21	9.7	E	3.7	4.6	3.7	---	1024.6	0.00	0.0	0	0.00	0	0.144	0.000	13.4	57	5.1	12.6	10.63	1.2354	0.00	342	1	100.0	15
02/01/25	23:45	4.4	4.6	4.4	95	3.7	3.2	E	0.80	6.4	ESE	4.3	4.5	4.4	---	1024.7	0.00	0.0	0	0.00	0	0.145	0.000	13.5	57	5.1	12.7	10.62	1.2352	0.00	347	1	100.0	15
03/01/25	00:00	4.4	4.4	4.3	95	3.7	3.2	E	0.80	9.7	E	4.3	4.4	4.3	---	1024.9	0.00	0.0	0	0.00	0	0.145	0.000	13.4	57	5.1	12.6	10.63	1.2357	0.00	341	1	99.7	15
03/01/25	0:15	4.3	4.4	4.3	95	3.6	3.2	E	0.80	6.4	E	4.2	4.4	4.2	---	1025.0	0.00	0.0	0	0.00	0	0.146	0.000	13.4	57	5.1	12.6	10.63	1.2359	0.00	346	1	100.0	15
03/01/25	0:30	4.3	4.3	4.3	95	3.5	3.2	ESE	0.80	9.7	ESE	4.1	4.3	4.2	---	1024.9	0.00	0.0	0	0.00	0	0.146	0.000	13.4	57	5.1	12.6	10.63	1.2358	0.00	345	1	100.0	15
03/01/25	0:45	4.2	4.3	4.2	95	3.5	3.2	E	0.80	6.4	E	4.1	4.3	4.1	---	1024.9	0.00	0.0	0	0.00	0	0.147	0.000	13.4	57	5.1	12.6	10.63	1.2357	0.00	343	1	100.0	15
03/01/25	1:00	4.2	4.3	4.2	95	3.5	3.2	E	0.80	6.4	ESE	4.1	4.3	4.1	---	1024.9	0.00	0.0	0	0.00	0	0.147	0.000	13.4	57	5.1	12.6	10.63	1.2357	0.00	346	1	100.0	15
03/01/25	1:15	4.2	4.2	4.1	95	3.4	1.6	E	0.40	6.4	E	4.2	4.2	4.2	---	1024.9	0.00	0.0	0	0.00	0	0.148	0.000	13.4	56	4.8	12.6	10.45	1.2359	0.00	338	1	98.8	15
03/01/25	1:30	4.1	4.2	4.1	95	3.3	1.6	ENE	0.40	6.4	E	4.1	4.1	4.1	---	1025.0	0.00	0.0	0	0.00	0	0.149	0.000	13.4	56	4.8	12.6	10.45	1.2360	0.00	348	1	100.0	15
03/01/25	1:45	3.9	4.1	3.9	95	3.2	1.6	E	0.40	6.4	E	3.9	3.9	3.9	---	1024.9	0.00	0.0	0	0.00	0	0.150	0.000	13.4	56	4.8	12.6	10.45	1.2359	0.00	342	1	100.0	15
03/01/25	2:00	3.8	3.9	3.8	96	3.3	3.2	ESE	0.80	9.7	E	3.7	3.8	3.7	---	1024.8	0.00	0.0	0	0.00	0	0.151	0.000	13.4	56	4.8	12.6	10.45	1.2359	0.00	345	1	100.0	15
03/01/25	2:15	3.8	3.8	3.8	96	3.2	4.8	ESE	1.21	12.9	E	2.8	3.8	2.8	---	1024.6	0.00	0.0	0	0.00	0	0.152	0.000	13.4	56	4.8	12.6	10.45	1.2355	0.00	349	1	100.0	15
03/01/25	2:30	3.8	3.8	3.7	96	3.2	3.2	ESE	0.80	11.3	ESE	3.6	3.8	3.6	---	1024.7	0.00	0.0	0	0.00	0	0.152	0.000	13.4	56	4.8	12.6	10.45	1.2357	0.00	339	1	99.1	15
03/01/25	2:45	3.7	3.8	3.7	96	3.1	3.2	ESE	0.80	9.7	ESE	3.5	3.7	3.5	---	1024.9	0.00	0.0	0	0.00	0	0.152	0.000	13.4	56	4.8	12.5	10.45	1.2362	0.00	350	1	100.0	15
03/01/25	3:00	3.7	3.8	3.7	96	3.1	3.2	ESE	0.80	9.7	ESE	3.5	3.7	3.5	---	1025.0	0.00	0.0	0	0.00	0	0.152	0.000	13.3	56	4.7	12.4	10.45	1.2367	0.00	348	1	100.0	15
03/01/25	3:15	3.7	3.7	3.7	95	2.9	1.6	ESE	0.40	9.7	SSE	3.7	3.7	3.7	---	1024.9	0.00	0.0	0	0.00	0	0.153	0.000	13.4	56	4.8	12.5	10.45	1.2363	0.00	338	1	98.8	15
03/01/25	3:30	3.6	3.7	3.6	95	2.9	3.2	ESE	0.80	9.7	ESE	3.4	3.6	3.4	---	1025.0	0.00	0.0	0	0.00	0	0.153	0.000	13.3	56	4.7	12.4	10.45	1.2366	0.00	345	1	100.0	15
03/01/25	3:45	3.6	3.7	3.6	95	2.8	3.2	ESE	0.80	8.0	ESE	3.3	3.6	3.3	---	1025.1	0.00	0.0	0	0.00	0	0.154	0.000	13.3	56	4.7	12.4	10.45	1.2368	0.00	343	1	100.0	15
03/01/25	4:00	3.6	3.6	3.5	95	2.8	3.2	SE	0.80	9.7	ESE	3.3	3.6	3.3	---	1025.1	0.00	0.0	0	0.00	0	0.154	0.000	13.3	56	4.7	12.4	10.45	1.2368	0.00	347	1	100.0	15
03/01/25	4:15	3.4	3.6	3.4	95	2.7	1.6	SE	0.40	6.4	ESE	3.4	3.4	3.4	---	1024.9	0.00	0.0	0	0.00	0	0.155	0.000	13.3	56	4.7	12.4	10.45	1.2366	0.00	345	1	100.0	15
03/01/25	4:30	3.3	3.4	3.3	94	2.5	3.2	SE	0.80	6.4	ESE	3.1	3.3	3.1	---	1024.9	0.00	0.0	0	0.00	0	0.156	0.000	13.3	56	4.7	12.4	10.45	1.2365	0.00	345	1	100.0	15
03/01/25	4:45	3.3	3.4	3.3	94	2.5	1.6	SE	0.40	6.4	ESE	3.3	3.3	3.3	---	1024.9	0.00	0.0	0	0.00	0	0.156	0.000	13.3	56	4.7	12.4	10.45	1.2365	0.00	349	1	100.0	15
03/01/25	5:00	3.2	3.3	3.2	94	2.3	3.2	ESE	0.80	8.0	SE	2.9	3.2	2.9	---	1024.9	0.00	0.0	0	0.00	0	0.157	0.000	13.3	56	4.7	12.4	10.45	1.2365	0.00	344	1	100.0	15
03/01/25	5:15	3.1	3.2	3.1	95	2.4	3.2	ESE	0.80	11.3	ESE	2.8	3.1	2.8	---	1024.8	0.00	0.0	0	0.00	0	0.159	0.000	13.3	56	4.7	12.4	10.45	1.2364	0.00	349	1	100.0	15
03/01/25	5:30	3.0	3.2	3.0	95	2.3	3.2	ESE	0.80	11.3	ESE	2.7	3.0	2.7	---	1024.7	0.00	0.0	0	0.00	0	0.160	0.000	13.3	55	4.5	12.4	10.33	1.2365	0.00	347	1	100.0	15
03/01/25	5:45	2.9	3.1	2.9	95	2.2	3.2	ESE	0.80	9.7	ESE	2.6	2.9	2.6	---	1024.8	0.00	0.0	0	0.00	0	0.161	0.000	13.3	55	4.5	12.4	10.33	1.2366	0.00	343	1	100.0	15
03/01/25	6:00	2.8	2.9	2.8	95	2.1	3.2	ESE	0.80	11.3	ESE	2.6	2.8	2.6	---	1025.0	0.00	0.0	0	0.00	0	0.161	0.000	13.3	55	4.4	12.4	10.33	1.2371	0.00	344	1	100.0	15
03/01/25	6:15	2.7	2.8	2.7	95	2.0	3.2	ESE	0.80	11.3	ESE	2.4	2.7	2.4	---	1025.0	0.00	0.0	0	0.00	0	0.163	0.000	13.3	55	4.5	12.4	10.33	1.2369	0.00	340	1	99.4	15
03/01/25	6:30	2.7	2.8	2.7	95	1.9	3.2	SE	0.80	8.0	SE	2.3	2.7	2.3	---	1025.1	0.00	0.0	0	0.00	0	0.163	0.000	13.3	55	4.5	12.4	10.33	1.2369	0.00	350	1	100.0	15
03/01/25	6:45	2.6	2.7	2.6	95	1.9	3.2	ESE	0.80	11.3	ESE	2.3	2.6	2.3	---	1025.1	0.00	0.0	0	0.00	0	0.164	0.000	13.3	55	4.5	12.4	10.33	1.2370	0.00	349	1	100.0	15
03/01/25	7:00	2.5	2.6	2.5	95	1.8	1.6	SE	0.40	6.4	ESE	2.5	2.5	2.5	---	1025.0	0.00	0.0	0	0.00	0	0.165	0.000	13.4	54	4.3	12.5	10.15	1.2364	0.00	341	1	99.7	15
03/01/25	7:15	2.4	2.5	2.4	95	1.7	3.2	ESE	0.80	6.4	ESE	2.1	2.4	2.1	---	1025.0	0.00	0.0	0	0.00	0	0.166	0.000	13.5	54	4.4	12.6	10.15	1.2361	0.00	352	1	100.0	15
03/01/25	7:30	2.3	2.4	2.3	95	1.6	3.2	SE	0.80	9.7	ESE	2.0	2.3	2.0	---	1025.1	0.00	0.0	0	0.00	0	0.167	0.000	13.6	54	4.4	12.6	10.15	1.2360	0.00	347	1	100.0	15
03/01/25	7:45	2.3	2.3	2.3	95	1.6	4.8	SE	1.21	11.3	SE	1.1	2.3	1.1	---	1025.0	0.00	0.0	0	0.00	0	0.167	0.000	13.7	53	4.3	12.7	9.95	1.2355	0.00	345	1	100.0	15
03/01/25	8:00	2.2	2.3	2.2	94	1.3	3.2	SE	0.80	12.9	SE	1.8	2.2	1.8	---	1025.1	0.00	0.0	0	0.00	0	0.168	0.000	13.7	53	4.3	12.7	9.95	1.2354	0.00	348	1	100.0	15
03/01/25	8:15	2.0	2.2	2.0	94	1.1	1.6	SE	0.40	11.3	SE	2.0	2.0	2.0	---	1025.1	0.00	0.0	0	0.00	0	0.170	0.000	13.8	53	4.4	12.8	9.95	1.2351	0.00	341	1	99.7	15
03/01/25	8:30	1.8	2.1	1.8	95	1.1	3.2	ESE	0.80	11.3	ESE	1.4	1.8	1.4	---	1025.2	0.00	0.0	0	0.00	0	0.172	0.000	13.8	52	4.1	12.7	9.81	1.2354	0.00	347	1	100.0	15
03/01/25	8:45	1.7	1.8	1.7	95	1.0	3.2	ESE	0.80	11.3	ESE	1.3	1.7	1.3	---	1025.4	0.00	0.0	0	0.00	0	0.173	0.000	13.8	52	4.1	12.8	9.81	1.2354	0.00	345	1	100.0	15
03/01/25	9:00	1.6	1.8	1.6	95	0.9	1.6	SE	0.40	8.0	S	1.6	1.6	1.6	---	1025.6	0.00	0.0	2	0.04	7	0.174	0.000	13.9	52	4.2	12.8	9.81	1.2354	0.00	340	1	99.4	15
03/01/25	9:15	1.5	1.7	1.5	95	0.8	1.6	SSE	0.40	8.0	SSE	1.5	1.5	1.5	---	1025.7	0.00	0.0	13	0.28	18	0.175	0.000	13.9	51	4.0	12.9	9.65	1.2354	0.00	343	1	100.0	15
03/01/25	9:30	1.4	1.5	1.4	95	0.7	3.2	SE	0.80	11.3	SE	1.0	1.4	1.0	---	1025.9	0.00	0.0	26	0.56	33	0.176	0.000	14.0	51	4.0	12.9	9.65	1.2353	0.00	346	1	100.0	15
03/01/25	9:45	1.5	1.5	1.4	95	0.8	3.2	SE	0.80	11.3	S	1.1	1.5	1.1	---	1025.9	0.00	0.0	43	0.92	51	0.175	0.000	14.1	51	4.1	13.0	9.65	1.2352	0.00	338	1	98.8	15
03/01/25	10:00	1.6	1.6	1.4	95	0.8	3.2	SSE	0.80	11.3	SSE	1.1	1.6	1.1	---	1026.1	0.00	0.0	57	1.23	63	0.175	0.000	14.1	51	4.1	13.0	9.65	1.2354	0.00	347	1	100.0	15
03/01/25	10:15	1.6	1.6	1.6	95	0.9	3.2	SE	0.80	12.9	ESE	1.2	1.6	1.2	---	1026.4	0.00	0.0	74	1.59	81	0.174	0.000	14.1	50	3.8	13.0	9.50	1.2356	0.00	350	1	100.0	15
03/01/25	10:30	1.7	1.7	1.6	95	1.0	3.2	SE	0.80	9.7	ESE	1.3	1.7	1.3	---	1026.4	0.00	0.0	94	2.02	111	0.174	0.000	14.2	50	3.9	13.1	9.50	1.2353	0.00	343	1	100.0	15
03/01/25	10:45	1.8	1.8	1.7	95	1.1	3.2	SSE	0.80	11.3	S	1.4	1.8	1.4	---	1026.5	0.00	0.0	104	2.24	107	0.172	0.000	14.2	50	3.9	13.1	9.50	1.2352	0.00	344	1	100.0	15
03/01/25	11:00	1.9	1.9	1.8	94	1.0	3.2	SE	0.80	8.0	S	1.5	1.9	1.5	---	1026.6	0.00	0.0	121	2.60	132	0.171	0.000	14.3	49	3.7	13.1	9.35	1.2353	0.03	344	1	100.0	15
03/01/25	11:15	2.2	2.2	1.9	94	1.3	3.2	SSE	0.80	12.9	S	1.8	2.2	1.8	---	1026.6	0.00	0.0	136	2.92	158	0.168	0.000	14.3	49	3.8	13.2	9.35	1.2349	0.00	342	1	100.0	15
03/01/25	11:30	2.3	2.4	2.1	93	1.3	4.8	SE	1.21	12.9	SE	1.2	2.3	1.2	---	1026.6	0.00	0.0	156	3.35	165	0.167	0.000	14.4	49	3.8	13.2	9.35	1.2346	0.00	348	1	100.0	15
03/01/25	11:45	2.6	2.6	2.4	92	1.4	3.2	SSE	0.80	12.9	SE	2.2	2.5	2.2	---	1026.5	0.00	0.0	158	3.40	179	0.164	0.000	14.4	49	3.9	13.3	9.35	1.2343	0.00	342	1	100.0	15
03/01/25	12:00	2.8	2.8	2.6	92	1.7	3.2	SE	0.80	8.0	SSE	2.6	2.8	2.5	---	1026.4	0.00	0.0	163	3.50	178	0.161	0.000	14.4	49	3.9	13.3	9.35	1.2342	0.05	345	1	100.0	15
03/01/25	12:15	3.0	3.0	2.8	92	1.8	3.2	SSE	0.80	11.3	ESE	2.7	2.9	2.7	---	1026.3	0.00	0.0	194	4.17	237	0.160	0.000	14.5	49	3.9	13.3	9.35	1.2338	0.00	347	1	100.0	15
03/01/25	12:30	3.2	3.2	3.0	90	1.7	4.8	S	1.21	14.5	SSW	2.1	3.1	2.1	---	1026.2	0.00	0.0	209	4.49	246	0.158	0.000	14.6	48	3.7	13.4	9.15	1.2336	0.00	344	1	100.0	15
03/01/25	12:45	3.4	3.4	3.2	90	1.9	6.4	S	1.61	16.1	SSE	1.7	3.3	1.7	---	1026.1	0.00	0.0	254	5.46	274	0.156	0.000	14.6	48	3.7	13.4	9.15	1.2332	0.00	346	1	100.0	15
03/01/25	13:00	3.5	3.6	3.3	88	1.7	6.4	SSE	1.61	16.1	S	1.9	3.4	1.8	---	1025.9	0.00	0.0	243	5.23	253	0.155	0.000	14.7	48	3.8	13.5	9.15	1.2327	0.08	344	1	100.0	15
03/01/25	13:15	3.7	3.8	3.5	88	1.9	4.8	SE	1.21	17.7	SSE	2.7	3.7	2.7	---	1025.9	0.00	0.0	219	4.71	262	0.152	0.000	14.7	48	3.8	13.6	9.15	1.2324	0.00	347	1	100.0	15
03/01/25	13:30	3.7	3.7	3.7	88	1.9	4.8	SE	1.21	11.3	ESE	2.7	3.6	2.6	---	1025.7	0.00	0.0	181	3.89	199	0.153	0.000	14.7	48	3.8	13.6	9.15	1.2321	0.00	346	1	100.0	15
03/01/25	13:45	3.6	3.7	3.6	87	1.6	4.8	SE	1.21	16.1	SE	2.6	3.4	2.4	---	1025.4	0.00	0.0	193	4.15	214	0.154	0.000	14.8	48	3.9	13.6	9.15	1.2315	0.00	347	1	100.0	15
03/01/25	14:00	3.7	3.7	3.5	85	1.4	6.4	S	1.61	17.7	S	2.1	3.6	1.9	---	1025.2	0.00	0.0	191	4.11	216	0.153	0.000	14.8	48	3.9	13.6	9.15	1.2313	0.08	349	1	100.0	15
03/01/25	14:15	3.8	3.8	3.7	84	1.3	4.8	SE	1.21	16.1	S	2.8	3.7	2.7	---	1025.2	0.00	0.0	167	3.59	202	0.152	0.000	14.8	47	3.6	13.6	8.95	1.2313	0.00	343	1	100.0	15
03/01/25	14:30	3.6	3.8	3.6	83	1.0	6.4	S	1.61	20.9	ESE	2.0	3.5	1.9	---	1025.1	0.00	0.0	175	3.76	197	0.153	0.000	14.9	47	3.7	13.7	8.95	1.2308	0.00	345	1	100.0	15
03/01/25	14:45	4.1	4.1	3.6	83	1.5	4.8	SSE	1.21	20.9	ESE	3.2	4.0	3.1	---	1024.9	0.00	0.0	241	5.18	271	0.148	0.000	14.9	47	3.7	13.7	8.95	1.2306	0.00	344	1	100.0	15
03/01/25	15:00	4.1	4.3	4.1	80	1.0	6.4	S	1.61	22.5	S	2.6	3.9	2.4	---	1024.9	0.00	0.0	202	4.34	230	0.148	0.000	14.9	47	3.7	13.7	8.95	1.2306	0.08	343	1	100.0	15
03/01/25	15:15	4.0	4.1	3.9	80	0.9	4.8	SSE	1.21	17.7	S	3.1	3.8	2.9	---	1025.0	0.00	0.0	176	3.78	195	0.149	0.000	14.9	46	3.4	13.7	8.85	1.2306	0.00	348	1	100.0	15
03/01/25	15:30	3.8	4.1	3.8	78	0.3	6.4	S	1.61	16.1	SSE	2.2	3.6	2.0	---	1025.1	0.00	0.0	123	2.64	151	0.152	0.000	14.9	46	3.4	13.7	8.85	1.2307	0.00	323	1	94.4	15
03/01/25	15:45	3.6	3.8	3.6	79	0.3	6.4	S	1.61	17.7	S	1.9	3.4	1.8	---	1025.0	0.00	0.0	98	2.11	113	0.154	0.000	14.9	46	3.4	13.7	8.85	1.2306	0.00	340	1	99.4	15
03/01/25	16:00	3.3	3.6	3.3	80	0.2	4.8	SSE	1.21	14.5	S	2.2	3.1	2.1	---	1025.2	0.00	0.0	76	1.63	90	0.157	0.000	14.9	46	3.4	13.7	8.85	1.2309	0.05	339	1	99.1	15
03/01/25	16:15	3.1	3.3	3.1	81	0.2	3.2	SSE	0.80	14.5	S	2.8	2.9	2.7	---	1024.9	0.00	0.0	60	1.29	65	0.159	0.000	14.9	45	3.1	13.7	8.65	1.2308	0.00	343	1	100.0	15
03/01/25	16:30	2.9	3.2	2.9	82	0.2	4.8	S	1.21	14.5	SSE	1.8	2.8	1.7	---	1024.9	0.00	0.0	49	1.05	56	0.160	0.000	14.9	45	3.1	13.7	8.65	1.2308	0.00	348	1	100.0	15
03/01/25	16:45	2.8	3.0	2.8	83	0.2	4.8	SSE	1.21	14.5	WSW	1.7	2.7	1.6	---	1024.8	0.00	0.0	40	0.86	44	0.161	0.000	14.9	45	3.1	13.7	8.65	1.2306	0.00	342	1	100.0	15
03/01/25	17:00	2.6	2.8	2.6	84	0.2	4.8	SSE	1.21	11.3	S	1.4	2.5	1.3	---	1024.6	0.00	0.0	27	0.58	35	0.164	0.000	14.9	45	3.1	13.7	8.65	1.2304	0.00	350	1	100.0	15
03/01/25	17:15	2.4	2.7	2.4	85	0.2	3.2	S	0.80	11.3	S	2.1	2.3	2.0	---	1024.8	0.00	0.0	11	0.24	18	0.166	0.000	14.9	45	3.1	13.7	8.65	1.2306	0.00	349	1	100.0	15
03/01/25	17:30	2.3	2.5	2.3	87	0.4	3.2	S	0.80	9.7	SSW	2.0	2.2	1.9	---	1024.8	0.00	0.0	1	0.02	5	0.167	0.000	14.9	45	3.1	13.6	8.65	1.2309	0.00	345	1	100.0	15
03/01/25	17:45	2.2	2.3	2.1	87	0.2	3.2	SSW	0.80	9.7	SSW	1.8	2.1	1.7	---	1024.9	0.00	0.0	0	0.00	0	0.168	0.000	14.9	45	3.1	13.6	8.65	1.2310	0.00	346	1	100.0	15
03/01/25	18:00	1.9	2.2	1.9	88	0.2	3.2	S	0.80	6.4	SSE	1.6	1.9	1.5	---	1025.0	0.00	0.0	0	0.00	0	0.171	0.000	14.9	45	3.1	13.6	8.65	1.2312	0.00	350	1	100.0	15
03/01/25	18:15	1.8	1.9	1.8	88	0.0	1.6	S	0.40	4.8	S	1.8	1.7	1.7	---	1025.0	0.00	0.0	0	0.00	0	0.172	0.000	14.9	45	3.1	13.6	8.65	1.2312	0.00	344	1	100.0	15
03/01/25	18:30	1.7	1.8	1.6	89	0.0	1.6	SSW	0.40	6.4	SSE	1.7	1.6	1.6	---	1025.0	0.00	0.0	0	0.00	0	0.174	0.000	14.9	45	3.1	13.6	8.65	1.2311	0.00	349	1	100.0	15
03/01/25	18:45	1.6	1.7	1.6	90	0.1	3.2	S	0.80	6.4	S	1.1	1.5	1.1	---	1025.0	0.00	0.0	0	0.00	0	0.175	0.000	14.9	45	3.1	13.6	8.65	1.2312	0.00	345	1	100.0	15
03/01/25	19:00	1.4	1.6	1.4	90	-0.0	3.2	S	0.80	8.0	S	1.0	1.4	0.9	---	1024.9	0.00	0.0	0	0.00	0	0.176	0.000	14.9	45	3.1	13.6	8.65	1.2310	0.00	344	1	100.0	15
03/01/25	19:15	1.3	1.5	1.3	91	0.0	3.2	SSE	0.80	8.0	SSE	0.9	1.3	0.8	---	1024.9	0.00	0.0	0	0.00	0	0.177	0.000	14.8	45	3.0	13.6	8.65	1.2313	0.00	350	1	100.0	15
03/01/25	19:30	1.4	1.4	1.3	91	0.1	4.8	S	1.21	11.3	SE	0.1	1.3	0.0	---	1025.0	0.00	0.0	0	0.00	0	0.177	0.000	14.8	46	3.3	13.6	8.85	1.2312	0.00	345	1	100.0	15
03/01/25	19:45	1.4	1.4	1.4	90	-0.0	3.2	SSE	0.80	11.3	S	1.0	1.4	0.9	---	1025.0	0.00	0.0	0	0.00	0	0.176	0.000	14.8	46	3.3	13.6	8.85	1.2312	0.00	343	1	100.0	15
03/01/25	20:00	1.3	1.4	1.3	90	-0.1	3.2	S	0.80	9.7	S	0.9	1.2	0.8	---	1025.0	0.00	0.0	0	0.00	0	0.177	0.000	14.8	46	3.3	13.6	8.85	1.2314	0.00	350	1	100.0	15
03/01/25	20:15	1.4	1.4	1.3	88	-0.3	3.2	SSW	0.80	9.7	S	1.0	1.3	0.9	---	1025.0	0.00	0.0	0	0.00	0	0.176	0.000	14.7	46	3.2	13.5	8.85	1.2317	0.00	347	1	100.0	15
03/01/25	20:30	1.3	1.4	1.3	88	-0.5	4.8	S	1.21	9.7	SSW	-0.1	1.2	-0.2	---	1025.1	0.00	0.0	0	0.00	0	0.178	0.000	14.7	46	3.2	13.5	8.85	1.2318	0.00	339	1	99.1	15
03/01/25	20:45	1.2	1.3	1.2	88	-0.5	4.8	S	1.21	12.9	S	-0.1	1.1	-0.2	---	1024.9	0.00	0.0	0	0.00	0	0.178	0.000	14.6	46	3.1	13.4	8.85	1.2321	0.00	348	1	100.0	15
03/01/25	21:00	1.1	1.2	1.1	88	-0.7	3.2	S	0.80	12.9	SE	0.7	1.0	0.6	---	1024.8	0.00	0.0	0	0.00	0	0.179	0.000	14.6	46	3.1	13.4	8.85	1.2321	0.00	348	1	100.0	15
03/01/25	21:15	0.9	1.1	0.9	88	-0.9	3.2	SSE	0.80	9.7	S	0.4	0.8	0.3	---	1024.8	0.00	0.0	0	0.00	0	0.182	0.000	14.6	46	3.1	13.3	8.85	1.2323	0.00	336	1	98.2	15
03/01/25	21:30	0.8	0.9	0.8	87	-1.1	4.8	S	1.21	11.3	S	-0.6	0.7	-0.7	---	1024.5	0.00	0.0	0	0.00	0	0.183	0.000	14.5	46	3.0	13.3	8.85	1.2322	0.00	346	1	100.0	15
03/01/25	21:45	0.6	0.8	0.6	87	-1.3	3.2	S	0.80	11.3	S	0.1	0.5	0.0	---	1024.4	0.00	0.0	0	0.00	0	0.185	0.000	14.4	47	3.3	13.2	8.95	1.2321	0.00	339	1	99.1	15
03/01/25	22:00	0.5	0.6	0.4	87	-1.4	3.2	S	0.80	11.3	S	0.0	0.4	-0.1	---	1024.5	0.00	0.0	0	0.00	0	0.186	0.000	14.4	47	3.3	13.2	8.95	1.2322	0.00	340	1	99.4	15
03/01/25	22:15	0.4	0.5	0.4	87	-1.5	4.8	S	1.21	12.9	SSW	-1.0	0.3	-1.1	---	1024.3	0.00	0.0	0	0.00	0	0.186	0.000	14.4	47	3.2	13.2	8.95	1.2323	0.00	346	1	100.0	15
03/01/25	22:30	0.4	0.5	0.4	86	-1.7	4.8	S	1.21	12.9	S	-1.1	0.3	-1.2	---	1024.3	0.00	0.0	0	0.00	0	0.187	0.000	14.3	47	3.2	13.1	8.95	1.2326	0.00	340	1	99.4	15
03/01/25	22:45	0.3	0.4	0.3	86	-1.7	3.2	S	0.80	11.3	S	-0.2	0.2	-0.3	---	1024.3	0.00	0.0	0	0.00	0	0.188	0.000	14.3	47	3.2	13.1	8.95	1.2326	0.00	333	1	97.4	15
03/01/25	23:00	0.2	0.3	0.2	86	-1.8	3.2	S	0.80	8.0	S	-0.3	0.1	-0.4	---	1024.2	0.00	0.0	0	0.00	0	0.189	0.000	14.3	47	3.2	13.1	8.95	1.2325	0.00	337	1	98.5	15
03/01/25	23:15	0.1	0.2	0.1	87	-1.9	3.2	S	0.80	8.0	S	-0.5	-0.1	-0.6	---	1024.1	0.00	0.0	0	0.00	0	0.190	0.000	14.3	47	3.1	13.1	8.95	1.2327	0.00	339	1	99.1	15
03/01/25	23:30	-0.1	0.1	-0.1	88	-1.8	3.2	SSE	0.80	8.0	S	-0.6	-0.1	-0.7	---	1023.9	0.00	0.0	0	0.00	0	0.192	0.000	14.3	47	3.1	13.1	8.95	1.2324	0.00	345	1	100.0	15
03/01/25	23:45	-0.1	-0.1	-0.2	88	-1.9	4.8	SSE	1.21	12.9	SE	-1.6	-0.2	-1.7	---	1024.0	0.00	0.0	0	0.00	0	0.192	0.000	14.2	47	3.1	13.0	8.95	1.2328	0.00	341	1	99.7	15
04/01/25	00:00	-0.2	-0.1	-0.2	88	-1.9	3.2	S	0.80	9.7	S	-0.8	-0.3	-0.9	---	1024.0	0.00	0.0	0	0.00	0	0.193	0.000	14.2	47	3.1	13.0	8.95	1.2328	0.00	347	1	100.0	15
04/01/25	0:15	-0.3	-0.2	-0.3	88	-2.0	4.8	S	1.21	12.9	SSE	-1.8	-0.4	-1.9	---	1023.6	0.00	0.0	0	0.00	0	0.194	0.000	14.2	47	3.1	13.0	8.95	1.2323	0.00	317	1	92.7	15
04/01/25	0:30	-0.3	-0.2	-0.3	88	-2.0	4.8	S	1.21	17.7	S	-1.8	-0.4	-1.9	---	1023.8	0.00	0.0	0	0.00	0	0.194	0.000	14.2	47	3.0	12.9	8.95	1.2328	0.00	282	1	82.5	15
04/01/25	0:45	-0.4	-0.2	-0.4	88	-2.1	3.2	S	0.80	9.7	S	-1.0	-0.5	-1.1	---	1023.4	0.00	0.0	0	0.00	0	0.195	0.000	14.2	47	3.0	12.9	8.95	1.2323	0.00	271	1	79.2	15
04/01/25	1:00	-0.4	-0.4	-0.4	88	-2.2	3.2	S	0.80	12.9	S	-1.1	-0.6	-1.2	---	1023.3	0.00	0.0	0	0.00	0	0.196	0.000	14.2	47	3.0	12.9	8.95	1.2322	0.00	250	1	73.1	15
04/01/25	1:15	-0.6	-0.4	-0.6	88	-2.3	4.8	S	1.21	11.3	SW	-2.1	-0.7	-2.2	---	1023.1	0.00	0.0	0	0.00	0	0.197	0.000	14.1	47	3.0	12.9	8.95	1.2322	0.00	242	1	70.8	15
04/01/25	1:30	-0.6	-0.6	-0.7	89	-2.2	4.8	S	1.21	14.5	SE	-2.2	-0.7	-2.3	---	1022.9	0.00	0.0	0	0.00	0	0.197	0.000	14.2	47	3.0	12.9	8.95	1.2317	0.00	254	1	74.3	15
04/01/25	1:45	-0.7	-0.6	-0.7	89	-2.3	4.8	S	1.21	11.3	S	-2.2	-0.8	-2.3	---	1022.6	0.00	0.0	0	0.00	0	0.198	0.000	14.1	47	3.0	12.9	8.95	1.2316	0.00	230	1	67.3	15
04/01/25	2:00	-0.8	-0.7	-0.8	89	-2.4	4.8	S	1.21	14.5	S	-2.4	-0.9	-2.5	---	1022.3	0.00	0.0	0	0.00	0	0.199	0.000	14.1	47	2.9	12.9	8.95	1.2315	0.00	260	1	76.0	15
04/01/25	2:15	-0.8	-0.8	-0.8	90	-2.3	4.8	S	1.21	12.9	S	-2.4	-0.9	-2.6	---	1022.0	0.00	0.0	0	0.00	0	0.200	0.000	14.1	47	3.0	12.9	8.95	1.2309	0.00	270	1	78.9	15
04/01/25	2:30	-0.9	-0.8	-0.9	90	-2.3	4.8	SSE	1.21	14.5	S	-2.5	-1.0	-2.6	---	1021.8	0.00	0.0	0	0.00	0	0.200	0.000	14.1	47	2.9	12.9	8.95	1.2309	0.00	281	1	82.2	15
04/01/25	2:45	-0.8	-0.8	-0.9	90	-2.3	4.8	SSE	1.21	14.5	S	-2.4	-0.9	-2.6	---	1021.9	0.00	0.0	0	0.00	0	0.200	0.000	14.1	47	2.9	12.9	8.95	1.2310	0.00	265	1	77.5	15
04/01/25	3:00	-0.9	-0.8	-0.9	90	-2.4	4.8	S	1.21	11.3	SSE	-2.6	-1.1	-2.7	---	1021.8	0.00	0.0	0	0.00	0	0.201	0.000	14.1	47	2.9	12.9	8.95	1.2309	0.00	245	1	71.6	15
04/01/25	3:15	-1.1	-0.9	-1.1	91	-2.3	4.8	S	1.21	11.3	S	-2.7	-1.2	-2.8	---	1021.7	0.00	0.0	0	0.00	0	0.202	0.000	14.1	47	2.9	12.9	8.95	1.2308	0.00	212	1	62.0	15
04/01/25	3:30	-1.1	-1.1	-1.1	91	-2.3	3.2	S	0.80	9.7	SE	-1.7	-1.2	-1.8	---	1021.5	0.00	0.0	0	0.00	0	0.202	0.000	14.0	47	2.9	12.8	8.95	1.2308	0.00	207	1	60.5	15
04/01/25	3:45	-1.1	-1.1	-1.1	91	-2.4	4.8	S	1.21	12.9	S	-2.7	-1.2	-2.8	---	1021.3	0.00	0.0	0	0.00	0	0.203	0.000	14.0	47	2.9	12.8	8.95	1.2306	0.00	209	1	61.1	15
04/01/25	4:00	-1.1	-1.1	-1.1	91	-2.4	3.2	S	0.80	12.9	S	-1.8	-1.2	-1.9	---	1021.1	0.00	0.0	0	0.00	0	0.203	0.000	14.0	46	2.6	12.8	8.85	1.2306	0.00	201	1	58.8	15
04/01/25	4:15	-1.1	-1.1	-1.2	91	-2.4	3.2	S	0.80	8.0	S	-1.8	-1.2	-1.9	---	1020.9	0.00	0.0	0	0.00	0	0.203	0.000	13.9	47	2.8	12.8	8.95	1.2303	0.00	167	1	48.8	15
04/01/25	4:30	-1.1	-1.1	-1.1	91	-2.4	3.2	SSE	0.80	11.3	S	-1.8	-1.2	-1.9	---	1020.5	0.00	0.0	0	0.00	0	0.203	0.000	13.9	46	2.5	12.7	8.85	1.2300	0.00	202	1	59.1	15
04/01/25	4:45	-1.1	-1.1	-1.1	91	-2.3	4.8	S	1.21	14.5	ESE	-2.7	-1.2	-2.8	---	1020.4	0.00	0.0	0	0.00	0	0.202	0.000	13.9	46	2.5	12.7	8.85	1.2299	0.00	233	1	68.1	15
04/01/25	5:00	-1.1	-1.1	-1.1	91	-2.3	4.8	S	1.21	14.5	SSE	-2.7	-1.2	-2.8	---	1020.1	0.00	0.0	0	0.00	0	0.202	0.000	13.9	46	2.5	12.7	8.85	1.2296	0.00	237	1	69.3	15
04/01/25	5:15	-1.2	-1.0	-1.2	91	-2.4	1.6	SE	0.40	8.0	SSE	-1.2	-1.3	-1.3	---	1020.0	0.00	0.0	0	0.00	0	0.203	0.000	13.9	46	2.5	12.7	8.85	1.2294	0.00	208	1	60.8	15
04/01/25	5:30	-1.3	-1.1	-1.3	91	-2.6	3.2	SSE	0.80	11.3	ESE	-2.0	-1.4	-2.1	---	1019.8	0.00	0.0	0	0.00	0	0.204	0.000	13.9	46	2.5	12.7	8.85	1.2292	0.00	205	1	59.9	15
04/01/25	5:45	-1.4	-1.3	-1.4	92	-2.5	3.2	SSE	0.80	8.0	SE	-2.1	-1.5	-2.2	---	1019.7	0.00	0.0	0	0.00	0	0.205	0.000	13.9	46	2.5	12.7	8.85	1.2291	0.00	215	1	62.9	15
04/01/25	6:00	-1.5	-1.4	-1.6	92	-2.6	3.2	SE	0.80	8.0	SSE	-2.2	-1.6	-2.3	---	1019.6	0.00	0.0	0	0.00	0	0.207	0.000	13.9	46	2.5	12.7	8.85	1.2290	0.00	198	1	57.9	15
04/01/25	6:15	-1.6	-1.5	-1.6	92	-2.7	3.2	SSE	0.80	9.7	S	-2.3	-1.7	-2.4	---	1019.0	0.00	0.0	0	0.00	0	0.207	0.000	14.0	46	2.6	12.8	8.85	1.2279	0.00	199	1	58.2	15
04/01/25	6:30	-1.5	-1.5	-1.6	92	-2.6	4.8	SE	1.21	11.3	ESE	-3.2	-1.6	-3.3	---	1018.7	0.00	0.0	0	0.00	0	0.207	0.000	14.0	46	2.6	12.8	8.85	1.2276	0.00	202	1	59.1	15
04/01/25	6:45	-1.5	-1.4	-1.5	92	-2.6	3.2	SSE	0.80	14.5	SSE	-2.2	-1.6	-2.3	---	1018.6	0.00	0.0	0	0.00	0	0.207	0.000	14.1	46	2.6	12.8	8.85	1.2272	0.00	203	1	59.4	15
04/01/25	7:00	-1.4	-1.4	-1.5	92	-2.6	3.2	SSE	0.80	11.3	SSE	-2.2	-1.6	-2.3	---	1018.6	0.00	0.0	0	0.00	0	0.206	0.000	14.1	46	2.6	12.8	8.85	1.2272	0.00	199	1	58.2	15
04/01/25	7:15	-1.4	-1.4	-1.5	92	-2.5	3.2	S	0.80	9.7	S	-2.1	-1.5	-2.2	---	1018.4	0.00	0.0	0	0.00	0	0.205	0.000	14.1	46	2.7	12.9	8.85	1.2267	0.00	194	1	56.7	15
04/01/25	7:30	-1.3	-1.3	-1.4	92	-2.5	3.2	S	0.80	11.3	ESE	-2.1	-1.4	-2.2	---	1018.3	0.00	0.0	0	0.00	0	0.205	0.000	14.1	46	2.7	12.9	8.85	1.2265	0.00	187	1	54.7	15
04/01/25	7:45	-1.2	-1.2	-1.3	92	-2.4	3.2	S	0.80	11.3	S	-1.9	-1.3	-2.0	---	1018.2	0.00	0.0	0	0.00	0	0.204	0.000	14.2	46	2.7	12.9	8.85	1.2261	0.00	191	1	55.8	15
04/01/25	8:00	-1.1	-1.1	-1.2	91	-2.4	3.2	S	0.80	11.3	S	-1.8	-1.2	-1.9	---	1018.3	0.00	0.0	0	0.00	0	0.203	0.000	14.2	46	2.7	12.9	8.85	1.2263	0.00	186	1	54.4	15
04/01/25	8:15	-1.0	-1.0	-1.1	91	-2.3	3.2	S	0.80	11.3	SSE	-1.7	-1.1	-1.8	---	1018.1	0.00	0.0	0	0.00	0	0.201	0.000	14.2	46	2.7	12.9	8.85	1.2260	0.00	205	1	59.9	15
04/01/25	8:30	-0.9	-0.9	-1.1	91	-2.2	4.8	SSE	1.21	9.7	S	-2.6	-1.1	-2.7	---	1017.7	0.00	0.0	0	0.00	0	0.201	0.000	14.2	46	2.8	13.0	8.85	1.2254	0.00	197	1	57.6	15
04/01/25	8:45	-0.9	-0.9	-0.9	91	-2.2	3.2	S	0.80	9.7	S	-1.6	-1.0	-1.7	---	1017.4	0.00	0.0	0	0.00	0	0.200	0.000	14.2	46	2.8	13.0	8.85	1.2250	0.00	205	1	59.9	15
04/01/25	9:00	-0.8	-0.8	-0.9	90	-2.3	3.2	SSW	0.80	8.0	S	-1.5	-0.9	-1.6	---	1017.2	0.00	0.0	4	0.09	7	0.200	0.000	14.3	46	2.8	13.1	8.85	1.2244	0.00	209	1	61.1	15
04/01/25	9:15	-0.7	-0.7	-0.8	90	-2.2	4.8	S	1.21	12.9	SSE	-2.3	-0.8	-2.4	---	1017.2	0.00	0.0	10	0.22	12	0.198	0.000	14.3	46	2.8	13.1	8.85	1.2244	0.00	204	1	59.6	15
04/01/25	9:30	-0.6	-0.6	-0.7	90	-2.0	4.8	S	1.21	11.3	SSE	-2.1	-0.7	-2.2	---	1017.1	0.00	0.0	18	0.39	21	0.197	0.000	14.3	46	2.9	13.1	8.85	1.2241	0.00	206	1	60.2	15
04/01/25	9:45	-0.4	-0.4	-0.6	90	-1.8	6.4	SSW	1.61	17.7	S	-2.6	-0.5	-2.7	---	1016.9	0.00	0.0	23	0.49	25	0.195	0.000	14.3	46	2.9	13.1	8.85	1.2238	0.00	220	1	64.3	15
04/01/25	10:00	-0.2	-0.2	-0.4	89	-1.8	8.0	SSW	2.01	17.7	S	-3.0	-0.3	-3.1	---	1016.7	0.00	0.0	59	1.27	60	0.193	0.000	14.4	46	2.9	13.2	8.85	1.2233	0.00	219	1	64.0	15
04/01/25	10:15	-0.1	-0.1	-0.2	89	-1.7	6.4	S	1.61	14.5	S	-2.3	-0.2	-2.4	---	1016.8	0.00	0.0	60	1.29	67	0.192	0.000	14.4	46	2.9	13.2	8.85	1.2234	0.00	215	1	62.9	15
04/01/25	10:30	-0.1	0.0	-0.1	89	-1.7	6.4	SSW	1.61	14.5	SW	-2.2	-0.1	-2.3	---	1016.8	0.00	0.0	61	1.31	77	0.192	0.000	14.4	46	3.0	13.2	8.85	1.2231	0.00	229	1	67.0	15
04/01/25	10:45	0.1	0.1	-0.1	89	-1.5	6.4	SSW	1.61	14.5	SSW	-2.1	0.0	-2.2	---	1016.8	0.00	0.0	69	1.48	95	0.190	0.000	14.4	46	3.0	13.2	8.85	1.2231	0.00	222	1	64.9	15
04/01/25	11:00	0.1	0.2	0.1	89	-1.5	6.4	SSW	1.61	17.7	S	-2.1	0.1	-2.1	---	1016.7	0.00	0.0	76	1.63	98	0.190	0.000	14.4	46	3.0	13.2	8.85	1.2231	0.03	212	1	62.0	15
04/01/25	11:15	0.3	0.3	0.1	89	-1.3	6.4	SSW	1.61	12.9	SSW	-1.8	0.2	-1.9	---	1016.3	0.00	0.0	77	1.66	86	0.188	0.000	14.4	46	3.0	13.2	8.85	1.2226	0.00	221	1	64.6	15
04/01/25	11:30	0.3	0.3	0.3	89	-1.3	8.0	SSW	2.01	19.3	S	-2.4	0.2	-2.5	---	1016.1	0.00	0.0	89	1.91	105	0.188	0.000	14.5	46	3.0	13.3	8.85	1.2220	0.00	218	1	63.7	15
04/01/25	11:45	0.4	0.4	0.3	89	-1.2	6.4	SSW	1.61	16.1	S	-1.7	0.3	-1.8	---	1016.0	0.00	0.0	108	2.32	114	0.186	0.000	14.6	46	3.1	13.3	8.85	1.2217	0.00	254	1	74.3	15
04/01/25	12:00	0.5	0.5	0.4	89	-1.1	6.4	SSW	1.61	14.5	SSW	-1.6	0.4	-1.7	---	1015.7	0.00	0.0	85	1.83	105	0.186	0.000	14.6	46	3.1	13.3	8.85	1.2213	0.05	245	1	71.6	15
04/01/25	12:15	0.6	0.6	0.5	89	-1.0	8.0	SSW	2.01	14.5	SW	-2.0	0.5	-2.1	---	1015.4	0.00	0.0	70	1.51	74	0.185	0.000	14.6	46	3.1	13.3	8.85	1.2209	0.00	232	1	67.8	15
04/01/25	12:30	0.6	0.6	0.5	91	-0.7	8.0	SW	2.01	19.3	SSW	-2.1	0.4	-2.2	---	1015.2	0.00	0.0	59	1.27	63	0.185	0.000	14.6	46	3.1	13.3	8.85	1.2207	0.00	240	1	70.2	15
04/01/25	12:45	0.7	0.7	0.5	92	-0.5	4.8	SSW	1.21	12.9	S	-0.7	0.6	-0.8	---	1015.0	0.00	0.0	69	1.48	74	0.184	0.000	14.5	46	3.0	13.3	8.85	1.2207	0.00	221	1	64.6	15
04/01/25	13:00	0.7	0.8	0.7	92	-0.4	4.8	SSW	1.21	14.5	SSE	-0.7	0.6	-0.8	---	1014.6	0.00	0.0	65	1.40	67	0.183	0.000	14.4	46	3.0	13.2	8.85	1.2205	0.03	266	1	77.8	15
04/01/25	13:15	0.7	0.8	0.7	93	-0.3	4.8	SSW	1.21	14.5	SSE	-0.7	0.7	-0.7	---	1014.3	0.00	0.0	70	1.51	74	0.183	0.000	14.4	46	3.0	13.2	8.85	1.2201	0.00	286	1	83.6	15
04/01/25	13:30	0.8	0.8	0.7	93	-0.2	4.8	SSW	1.21	14.5	SW	-0.6	0.7	-0.7	---	1013.8	0.00	0.0	50	1.08	65	0.183	0.000	14.4	46	3.0	13.2	8.85	1.2195	0.00	287	1	83.9	15
04/01/25	13:45	0.8	0.8	0.7	94	-0.1	4.8	SW	1.21	16.1	SW	-0.6	0.7	-0.7	---	1013.6	0.00	0.0	46	0.99	56	0.183	0.000	14.4	46	2.9	13.2	8.85	1.2196	0.00	320	1	93.6	15
04/01/25	14:00	0.7	0.8	0.7	94	-0.2	6.4	SSW	1.61	16.1	S	-1.4	0.6	-1.4	---	1013.1	0.00	0.0	39	0.84	44	0.184	0.000	14.3	46	2.9	13.1	8.85	1.2192	0.03	332	1	97.1	15
04/01/25	14:15	0.7	0.7	0.6	95	-0.0	6.4	SSW	1.61	14.5	S	-1.4	0.6	-1.4	---	1012.7	0.00	0.0	35	0.75	40	0.184	0.000	14.3	46	2.9	13.1	8.85	1.2187	0.00	345	1	100.0	15
04/01/25	14:30	0.8	0.8	0.7	95	0.1	8.0	SSW	2.01	16.1	SW	-1.8	0.7	-1.9	---	1012.2	0.00	0.0	33	0.71	39	0.183	0.000	14.3	46	2.9	13.1	8.85	1.2181	0.00	349	1	100.0	15
04/01/25	14:45	0.8	0.9	0.8	96	0.3	8.0	SSW	2.01	17.7	S	-1.8	0.8	-1.8	---	1011.8	0.00	0.0	33	0.71	37	0.182	0.000	14.3	46	2.8	13.1	8.85	1.2179	0.00	344	1	100.0	15
04/01/25	15:00	0.9	0.9	0.8	96	0.3	8.0	SSW	2.01	19.3	SSW	-1.7	0.8	-1.7	---	1011.5	0.00	0.0	24	0.52	33	0.182	0.000	14.3	46	2.8	13.1	8.85	1.2175	0.03	350	1	100.0	15
04/01/25	15:15	0.9	0.9	0.9	96	0.4	6.4	SSW	1.61	14.5	S	-1.1	0.9	-1.2	---	1011.2	0.00	0.0	16	0.34	19	0.181	0.000	14.2	46	2.8	13.0	8.85	1.2174	0.00	347	1	100.0	15
04/01/25	15:30	1.1	1.1	0.9	96	0.5	6.4	SSW	1.61	19.3	S	-0.9	1.0	-1.0	---	1010.9	0.00	0.0	14	0.30	16	0.180	0.000	14.2	46	2.8	13.0	8.85	1.2171	0.00	347	1	100.0	15
04/01/25	15:45	1.2	1.2	1.0	96	0.6	6.4	SSW	1.61	20.9	S	-0.8	1.1	-0.9	---	1010.7	0.00	0.0	14	0.30	16	0.179	0.000	14.2	46	2.8	13.0	8.85	1.2168	0.00	347	1	100.0	15
04/01/25	16:00	1.3	1.3	1.1	97	0.9	6.4	SSW	1.61	17.7	S	-0.7	1.3	-0.7	---	1010.7	0.00	0.0	13	0.28	16	0.178	0.000	14.2	46	2.7	12.9	8.85	1.2171	0.00	346	1	100.0	15
04/01/25	16:15	1.4	1.4	1.3	97	1.0	4.8	SSW	1.21	11.3	SW	0.1	1.4	0.1	---	1010.3	0.00	0.0	9	0.19	11	0.177	0.000	14.2	46	2.7	12.9	8.85	1.2166	0.00	349	1	100.0	15
04/01/25	16:30	1.6	1.6	1.4	97	1.2	6.4	SW	1.61	12.9	SW	-0.3	1.6	-0.3	---	1009.9	0.00	0.0	9	0.19	11	0.174	0.000	14.2	46	2.7	12.9	8.85	1.2162	0.00	349	1	100.0	15
04/01/25	16:45	1.7	1.7	1.6	97	1.3	6.4	SSW	1.61	14.5	SW	-0.2	1.7	-0.2	---	1009.7	0.00	0.0	3	0.06	7	0.173	0.000	14.1	46	2.7	12.9	8.85	1.2162	0.00	344	1	100.0	15
04/01/25	17:00	1.8	1.8	1.7	97	1.4	6.4	SSW	1.61	12.9	SSW	-0.1	1.8	-0.1	---	1009.5	0.00	0.0	0	0.00	0	0.172	0.000	14.1	46	2.7	12.9	8.85	1.2159	0.00	346	1	100.0	15
04/01/25	17:15	2.0	2.0	1.8	97	1.6	4.8	SSW	1.21	9.7	SW	0.8	2.0	0.8	---	1009.3	0.00	0.0	0	0.00	0	0.170	0.000	14.1	46	2.7	12.9	8.85	1.2157	0.00	352	1	100.0	15
04/01/25	17:30	2.2	2.2	1.9	97	1.7	4.8	SSW	1.21	11.3	SSW	0.9	2.2	0.9	---	1009.1	0.00	0.0	0	0.00	0	0.168	0.000	14.1	46	2.7	12.9	8.85	1.2155	0.00	344	1	100.0	15
04/01/25	17:45	2.3	2.3	2.2	97	1.9	3.2	SSW	0.80	9.7	S	2.0	2.3	2.0	---	1008.9	0.00	0.0	0	0.00	0	0.167	0.000	14.1	46	2.7	12.9	8.85	1.2152	0.00	350	1	100.0	15
04/01/25	18:00	2.5	2.5	2.3	98	2.2	3.2	SSW	0.80	8.0	SSW	2.2	2.6	2.2	---	1008.7	0.00	0.0	0	0.00	0	0.165	0.000	14.1	47	2.9	12.9	8.95	1.2151	0.00	348	1	100.0	15
04/01/25	18:15	2.7	2.7	2.4	98	2.4	3.2	SSW	0.80	8.0	SW	2.4	2.8	2.5	---	1008.5	0.00	0.0	0	0.00	0	0.163	0.000	14.1	47	2.9	12.9	8.95	1.2148	0.00	346	1	100.0	15
04/01/25	18:30	2.9	2.9	2.7	98	2.7	3.2	SW	0.80	8.0	SSW	2.7	3.0	2.7	---	1008.4	0.00	0.0	0	0.00	0	0.160	0.000	14.1	47	2.9	12.9	8.95	1.2146	0.00	347	1	100.0	15
04/01/25	18:45	3.2	3.2	2.9	98	2.9	3.2	SSW	0.80	6.4	SSW	2.9	3.2	2.9	---	1008.3	0.00	0.0	0	0.00	0	0.158	0.000	14.1	47	2.9	12.9	8.95	1.2146	0.00	344	1	100.0	15
04/01/25	19:00	3.4	3.4	3.2	98	3.1	3.2	WSW	0.80	6.4	WSW	3.2	3.4	3.2	---	1008.1	0.00	0.0	0	0.00	0	0.156	0.000	14.1	47	2.9	12.9	8.95	1.2143	0.00	346	1	100.0	15
04/01/25	19:15	3.7	3.7	3.4	98	3.4	3.2	WSW	0.80	6.4	SW	3.5	3.8	3.6	---	1008.0	0.00	0.0	0	0.00	0	0.152	0.000	14.1	47	2.9	12.9	8.95	1.2141	0.00	342	1	100.0	15
04/01/25	19:30	4.3	4.3	3.7	98	4.0	3.2	WSW	0.80	6.4	WSW	4.1	4.3	4.2	---	1007.7	0.00	0.0	0	0.00	0	0.146	0.000	14.1	47	2.9	12.9	8.95	1.2138	0.00	344	1	100.0	15
04/01/25	19:45	8.5	8.5	4.3	99	8.4	6.4	WNW	1.61	19.3	W	7.7	8.8	7.9	---	1007.7	0.00	0.0	0	0.00	0	0.102	0.000	14.1	47	2.9	12.9	8.95	1.2137	0.00	345	1	100.0	15
04/01/25	20:00	11.4	11.4	8.6	100	11.4	14.5	WNW	3.62	33.8	NW	9.4	11.8	9.7	---	1007.5	0.00	0.0	0	0.00	0	0.072	0.000	14.0	47	2.9	12.8	8.95	1.2138	0.00	325	1	95.0	15
04/01/25	20:15	11.9	11.9	11.4	100	11.9	17.7	WNW	4.43	37.0	NW	9.3	12.3	9.7	---	1007.5	0.00	0.0	0	0.00	0	0.067	0.000	14.0	47	2.9	12.8	8.95	1.2138	0.00	334	1	97.7	15
04/01/25	20:30	12.2	12.2	11.9	99	12.0	17.7	WNW	4.43	37.0	NW	9.6	12.4	9.9	---	1007.6	0.00	0.0	0	0.00	0	0.064	0.000	14.0	47	2.9	12.8	8.95	1.2139	0.00	320	1	93.6	15
04/01/25	20:45	12.3	12.3	12.2	98	12.0	17.7	WNW	4.43	37.0	WNW	9.7	12.6	10.0	---	1007.4	0.00	0.0	0	0.00	0	0.063	0.000	14.0	47	2.9	12.8	8.95	1.2136	0.00	315	1	92.1	15
04/01/25	21:00	12.4	12.4	12.3	97	12.0	17.7	WNW	4.43	33.8	WNW	9.9	12.7	10.2	---	1007.2	0.00	0.0	0	0.00	0	0.061	0.000	14.0	47	2.9	12.8	8.95	1.2135	0.00	318	1	93.0	15
04/01/25	21:15	12.6	12.7	12.4	97	12.1	19.3	WNW	4.83	37.0	WNW	9.8	12.8	10.1	---	1007.1	0.00	0.0	0	0.00	0	0.060	0.000	14.0	47	2.9	12.8	8.95	1.2133	0.00	330	1	96.5	15
04/01/25	21:30	12.6	12.7	12.6	96	12.0	19.3	WNW	4.83	33.8	WNW	9.8	12.8	10.1	---	1007.0	0.00	0.0	0	0.00	0	0.060	0.000	14.0	48	3.2	12.8	9.15	1.2130	0.00	331	1	96.8	15
04/01/25	21:45	12.6	12.7	12.6	96	12.0	19.3	WNW	4.83	38.6	NNW	9.8	12.8	10.1	---	1007.3	0.00	0.0	0	0.00	0	0.060	0.000	14.0	48	3.2	12.8	9.15	1.2134	0.00	330	1	96.5	15
04/01/25	22:00	12.4	12.7	12.4	96	11.8	17.7	WNW	4.43	40.2	WNW	9.9	12.7	10.2	---	1007.3	0.00	0.0	0	0.00	0	0.061	0.000	14.0	48	3.2	12.8	9.15	1.2134	0.00	335	1	98.0	15
04/01/25	22:15	12.4	12.5	12.4	96	11.8	19.3	WNW	4.83	38.6	NNW	9.6	12.6	9.8	---	1007.3	0.00	0.0	0	0.00	0	0.062	0.000	14.0	48	3.2	12.8	9.15	1.2133	0.00	323	1	94.4	15
04/01/25	22:30	12.3	12.4	12.3	95	11.6	19.3	WNW	4.83	38.6	WNW	9.5	12.5	9.7	---	1007.4	0.00	0.0	0	0.00	0	0.062	0.000	14.0	48	3.2	12.8	9.15	1.2135	0.00	321	1	93.9	15
04/01/25	22:45	12.1	12.3	12.1	96	11.5	16.1	WNW	4.02	32.2	WNW	9.9	12.3	10.1	---	1007.4	0.00	0.0	0	0.00	0	0.065	0.000	13.9	48	3.1	12.8	9.15	1.2138	0.00	304	1	88.9	15
04/01/25	23:00	12.1	12.1	12.0	96	11.4	17.7	NW	4.43	35.4	NW	9.4	12.3	9.7	---	1007.2	0.00	0.0	0	0.00	0	0.065	0.000	14.0	49	3.4	12.9	9.35	1.2130	0.00	314	1	91.8	15
04/01/25	23:15	12.0	12.1	12.0	96	11.4	17.7	NW	4.43	35.4	WNW	9.4	12.2	9.6	---	1007.1	0.00	0.0	0	0.00	0	0.066	0.000	14.0	49	3.4	12.9	9.35	1.2130	0.00	316	1	92.4	15
04/01/25	23:30	11.9	12.0	11.9	96	11.3	14.5	WNW	3.62	30.6	WNW	10.0	12.2	10.2	---	1006.9	0.00	0.0	0	0.00	0	0.067	0.000	14.0	49	3.4	12.9	9.35	1.2128	0.00	330	1	96.5	15
04/01/25	23:45	11.9	11.9	11.8	96	11.3	16.1	WNW	4.02	30.6	NNW	9.6	12.1	9.8	---	1006.9	0.00	0.0	0	0.00	0	0.067	0.000	14.0	49	3.4	12.9	9.35	1.2127	0.00	327	1	95.6	15
05/01/25	00:00	11.8	11.9	11.8	96	11.2	16.1	NW	4.02	38.6	W	9.4	12.0	9.7	---	1007.3	0.00	0.0	0	0.00	0	0.068	0.000	14.0	49	3.4	12.9	9.35	1.2131	0.00	307	1	89.8	15
05/01/25	0:15	11.8	11.8	11.8	96	11.2	17.7	NW	4.43	32.2	WNW	9.1	12.0	9.3	---	1007.0	0.00	0.0	0	0.00	0	0.068	0.000	14.0	49	3.4	12.9	9.35	1.2128	0.00	306	1	89.5	15
05/01/25	0:30	11.8	11.8	11.7	96	11.2	19.3	NW	4.83	41.8	WNW	8.8	12.0	9.1	---	1006.9	0.00	0.0	0	0.00	0	0.068	0.000	13.9	49	3.4	12.8	9.35	1.2130	0.00	328	1	95.9	15
05/01/25	0:45	11.9	11.9	11.8	96	11.3	17.7	NW	4.43	35.4	NW	9.3	12.1	9.5	---	1006.6	0.00	0.0	0	0.00	0	0.067	0.000	13.9	50	3.7	12.8	9.51	1.2124	0.00	337	1	98.5	15
05/01/25	1:00	11.9	12.0	11.9	96	11.3	17.7	NW	4.43	37.0	WNW	9.3	12.2	9.6	---	1006.5	0.00	0.0	0	0.00	0	0.067	0.000	13.9	50	3.7	12.8	9.51	1.2123	0.00	341	1	99.7	15
05/01/25	1:15	12.1	12.1	11.9	96	11.4	17.7	NW	4.43	41.8	WNW	9.4	12.3	9.7	---	1006.3	0.00	0.0	0	0.00	0	0.065	0.000	13.9	50	3.7	12.8	9.51	1.2121	0.00	333	1	97.4	15
05/01/25	1:30	12.0	12.1	12.0	96	11.4	16.1	NW	4.02	32.2	WNW	9.7	12.2	9.9	---	1006.0	0.00	0.0	0	0.00	0	0.066	0.000	13.9	50	3.7	12.8	9.51	1.2117	0.00	330	1	96.5	15
05/01/25	1:45	11.9	12.0	11.9	97	11.5	14.5	NW	3.62	27.4	WNW	10.0	12.2	10.2	---	1005.9	0.00	0.0	0	0.00	0	0.067	0.000	13.9	50	3.7	12.8	9.51	1.2116	0.00	324	1	94.7	15
05/01/25	2:00	11.9	11.9	11.8	97	11.4	16.1	NW	4.02	32.2	NW	9.6	12.1	9.8	---	1005.8	0.00	0.0	0	0.00	0	0.067	0.000	13.9	50	3.7	12.8	9.51	1.2115	0.00	332	1	97.1	15
05/01/25	2:15	11.8	11.9	11.8	97	11.3	17.7	NW	4.43	32.2	NW	9.1	12.0	9.3	---	1005.5	0.00	0.0	0	0.00	0	0.068	0.000	13.9	51	4.0	12.9	9.65	1.2109	0.00	309	1	90.4	15
05/01/25	2:30	11.6	11.8	11.6	97	11.2	16.1	NW	4.02	30.6	WNW	9.3	11.8	9.5	---	1005.2	0.00	0.0	0	0.00	0	0.070	0.000	13.9	51	3.9	12.8	9.65	1.2108	0.00	311	1	90.9	15
05/01/25	2:45	11.7	11.7	11.6	97	11.2	16.1	NW	4.02	33.8	NW	9.3	11.9	9.6	---	1005.2	0.00	0.0	0	0.00	0	0.069	0.000	13.9	51	3.9	12.8	9.65	1.2108	0.00	347	1	100.0	15
05/01/25	3:00	11.7	11.8	11.7	97	11.3	14.5	NW	3.62	27.4	NW	9.7	11.9	9.9	---	1005.0	0.00	0.0	0	0.00	0	0.069	0.000	13.9	51	3.9	12.8	9.65	1.2106	0.00	340	1	99.4	15
05/01/25	3:15	11.8	11.8	11.7	97	11.4	14.5	NW	3.62	33.8	WNW	9.9	12.1	10.1	---	1004.8	0.00	0.0	0	0.00	0	0.068	0.000	13.9	51	3.9	12.8	9.65	1.2104	0.00	346	1	100.0	15
05/01/25	3:30	11.9	11.9	11.8	97	11.4	12.9	NW	3.22	27.4	NW	10.3	12.1	10.6	---	1004.8	0.00	0.0	0	0.00	0	0.067	0.000	13.9	51	3.9	12.8	9.65	1.2103	0.00	336	1	98.2	15
05/01/25	3:45	12.0	12.0	11.9	96	11.4	12.9	NW	3.22	27.4	WNW	10.4	12.2	10.7	---	1004.5	0.00	0.0	0	0.00	0	0.066	0.000	13.9	52	4.2	12.8	9.81	1.2098	0.00	342	1	100.0	15
05/01/25	4:00	12.2	12.2	11.9	95	11.4	14.5	WNW	3.62	30.6	NNW	10.3	12.3	10.4	---	1004.6	0.00	0.0	0	0.00	0	0.064	0.000	13.9	52	4.2	12.8	9.81	1.2099	0.00	328	1	95.9	15
05/01/25	4:15	12.3	12.3	12.1	94	11.3	16.1	NW	4.02	37.0	WNW	10.1	12.4	10.2	---	1004.4	0.00	0.0	0	0.00	0	0.063	0.000	13.9	52	4.2	12.8	9.81	1.2097	0.00	333	1	97.4	15
05/01/25	4:30	12.2	12.3	12.2	94	11.2	14.5	NW	3.62	33.8	WNW	10.3	12.3	10.4	---	1004.2	0.00	0.0	0	0.00	0	0.064	0.000	13.9	52	4.2	12.8	9.81	1.2094	0.00	333	1	97.4	15
05/01/25	4:45	12.0	12.2	12.0	94	11.1	14.5	NW	3.62	29.0	NW	10.1	12.2	10.2	---	1004.0	0.00	0.0	0	0.00	0	0.066	0.000	13.9	52	4.2	12.8	9.81	1.2092	0.00	331	1	96.8	15
05/01/25	5:00	11.7	12.0	11.7	95	10.9	11.3	W	2.82	25.7	WNW	10.5	11.9	10.7	---	1003.8	0.00	0.0	0	0.00	0	0.069	0.000	13.9	52	4.2	12.8	9.81	1.2089	0.00	332	1	97.1	15
05/01/25	5:15	11.7	11.8	11.6	96	11.1	12.9	NW	3.22	25.7	WNW	10.1	11.9	10.3	---	1003.8	0.00	0.0	0	0.00	0	0.069	0.000	13.9	52	4.2	12.8	9.81	1.2089	0.00	328	1	95.9	15
05/01/25	5:30	11.6	11.8	11.6	95	10.8	12.9	WNW	3.22	38.6	NW	9.9	11.7	10.1	---	1003.7	0.00	0.0	0	0.00	0	0.071	0.000	13.8	52	4.1	12.8	9.81	1.2091	0.00	334	1	97.7	15
05/01/25	5:45	11.3	11.6	11.3	96	10.7	11.3	WSW	2.82	22.5	W	10.0	11.5	10.2	---	1003.5	0.00	0.0	0	0.00	0	0.073	0.000	13.9	53	4.5	12.9	9.95	1.2083	0.00	335	1	98.0	15
05/01/25	6:00	11.2	11.3	11.2	96	10.6	11.3	W	2.82	22.5	NW	9.8	11.4	10.1	---	1003.3	0.00	0.0	0	0.00	0	0.075	0.000	13.8	53	4.4	12.8	9.95	1.2084	0.00	335	1	98.0	15
05/01/25	6:15	11.2	11.2	11.1	95	10.4	11.3	W	2.82	22.5	WSW	9.8	11.4	10.1	---	1003.1	0.00	0.0	0	0.00	0	0.075	0.000	13.9	53	4.5	12.9	9.95	1.2079	0.00	328	1	95.9	15
05/01/25	6:30	11.2	11.2	11.2	94	10.2	11.3	W	2.82	17.7	NW	9.8	11.4	10.1	---	1002.8	0.00	0.0	0	0.00	0	0.075	0.000	13.8	53	4.4	12.8	9.95	1.2078	0.00	322	1	94.2	15
05/01/25	6:45	11.3	11.3	11.2	92	10.0	12.9	W	3.22	22.5	WSW	9.6	11.4	9.8	---	1002.5	0.00	0.0	0	0.00	0	0.073	0.000	13.9	53	4.5	12.9	9.95	1.2071	0.00	317	1	92.7	15
05/01/25	7:00	11.3	11.3	11.2	92	10.1	11.3	W	2.82	24.1	WNW	10.1	11.4	10.2	---	1002.5	0.00	0.0	0	0.00	0	0.073	0.000	13.9	53	4.5	12.9	9.95	1.2072	0.00	336	1	98.2	15
05/01/25	7:15	11.4	11.4	11.3	92	10.1	11.3	W	2.82	19.3	WNW	10.1	11.5	10.2	---	1002.2	0.00	0.0	0	0.00	0	0.072	0.000	13.8	53	4.4	12.8	9.95	1.2070	0.00	327	1	95.6	15
05/01/25	7:30	11.3	11.4	11.3	93	10.2	12.9	W	3.22	24.1	WSW	9.7	11.5	9.8	---	1002.1	0.00	0.0	0	0.00	0	0.073	0.000	13.8	53	4.4	12.8	9.95	1.2070	0.00	341	1	99.7	15
05/01/25	7:45	11.4	11.5	11.3	92	10.2	12.9	W	3.22	22.5	WNW	9.8	11.6	9.9	---	1002.3	0.00	0.0	0	0.00	0	0.072	0.000	13.8	54	4.7	12.8	10.15	1.2070	0.00	336	1	98.2	15
05/01/25	8:00	11.4	11.5	11.4	93	10.3	11.3	W	2.82	24.1	SW	10.1	11.6	10.3	---	1002.4	0.00	0.0	0	0.00	0	0.072	0.000	13.8	54	4.7	12.8	10.15	1.2071	0.00	338	1	98.8	15
05/01/25	8:15	11.4	11.4	11.3	92	10.2	14.5	WNW	3.62	33.8	NW	9.4	11.6	9.5	---	1002.2	0.00	0.0	0	0.00	0	0.072	0.000	13.8	54	4.7	12.8	10.15	1.2069	0.00	340	1	99.4	15
05/01/25	8:30	11.3	11.4	11.3	92	10.1	14.5	NW	3.62	30.6	NW	9.3	11.4	9.4	---	1002.1	0.00	0.0	0	0.00	0	0.073	0.000	13.8	54	4.7	12.8	10.15	1.2067	0.00	345	1	100.0	15
05/01/25	8:45	11.3	11.3	11.2	92	10.0	12.9	W	3.22	24.1	WSW	9.6	11.4	9.8	---	1001.8	0.00	0.0	0	0.00	0	0.073	0.000	13.8	54	4.7	12.8	10.15	1.2064	0.00	343	1	100.0	15
05/01/25	9:00	11.2	11.3	11.2	91	9.8	14.5	WSW	3.62	25.7	WSW	9.1	11.3	9.2	---	1001.3	0.00	0.0	0	0.00	0	0.074	0.000	13.8	54	4.7	12.8	10.15	1.2058	0.00	333	1	97.4	15
05/01/25	9:15	11.3	11.3	11.2	91	9.9	11.3	W	2.82	29.0	W	10.1	11.4	10.2	---	1001.3	0.00	0.0	5	0.11	11	0.073	0.000	13.8	54	4.7	12.8	10.15	1.2058	0.00	342	1	100.0	15
05/01/25	9:30	11.4	11.4	11.3	90	9.9	12.9	W	3.22	27.4	NW	9.8	11.5	9.8	---	1001.8	0.00	0.0	12	0.26	14	0.072	0.000	13.8	54	4.7	12.8	10.15	1.2064	0.00	345	1	100.0	15
05/01/25	9:45	11.6	11.6	11.4	89	9.8	14.5	NW	3.62	29.0	WNW	9.6	11.6	9.6	---	1001.4	0.00	0.0	18	0.39	23	0.071	0.000	13.8	54	4.7	12.8	10.15	1.2058	0.00	344	1	100.0	15
05/01/25	10:00	11.9	11.9	11.6	88	10.0	16.1	W	4.02	35.4	W	9.6	11.9	9.6	---	1001.2	0.00	0.0	29	0.62	35	0.067	0.000	13.8	55	4.9	12.9	10.31	1.2054	0.03	344	1	100.0	15
05/01/25	10:15	11.9	11.9	11.9	87	9.8	12.9	NW	3.22	25.7	SW	10.4	11.9	10.4	---	1000.9	0.00	0.0	23	0.49	30	0.067	0.000	13.8	55	4.9	12.9	10.31	1.2050	0.00	344	1	100.0	15
05/01/25	10:30	12.1	12.1	11.9	86	9.8	14.5	W	3.62	30.6	NW	10.1	12.0	10.1	---	1001.1	0.00	0.0	20	0.43	25	0.065	0.000	13.8	55	4.9	12.9	10.31	1.2053	0.00	340	1	99.4	15
05/01/25	10:45	12.1	12.1	12.1	86	9.8	14.5	WNW	3.62	41.8	W	10.2	12.1	10.2	---	1001.0	0.00	0.0	35	0.75	51	0.065	0.000	13.8	55	4.9	12.9	10.31	1.2051	0.00	339	1	99.1	15
05/01/25	11:00	12.2	12.2	12.1	86	9.9	14.5	W	3.62	27.4	WSW	10.3	12.2	10.3	---	1001.0	0.00	0.0	56	1.20	77	0.064	0.000	13.8	55	4.9	12.9	10.31	1.2051	0.05	336	1	98.2	15
05/01/25	11:15	12.3	12.4	12.2	86	10.1	12.9	W	3.22	25.7	NW	10.8	12.3	10.8	---	1000.9	0.00	0.0	74	1.59	95	0.062	0.000	13.8	55	4.9	12.9	10.31	1.2050	0.00	344	1	100.0	15
05/01/25	11:30	12.6	12.6	12.3	85	10.2	12.9	WNW	3.22	29.0	WSW	11.2	12.5	11.1	---	1000.9	0.00	0.0	72	1.55	97	0.060	0.000	13.9	55	5.0	12.9	10.31	1.2048	0.00	336	1	98.2	15
05/01/25	11:45	12.8	12.8	12.6	85	10.4	14.5	NW	3.62	32.2	NW	11.1	12.7	10.9	---	1000.5	0.00	0.0	96	2.06	156	0.057	0.000	13.9	55	5.0	12.9	10.31	1.2044	0.00	339	1	99.1	15
05/01/25	12:00	12.8	12.9	12.8	85	10.4	14.5	NW	3.62	32.2	NW	11.1	12.7	10.9	---	1000.5	0.00	0.0	76	1.63	93	0.057	0.000	13.9	55	5.0	13.0	10.31	1.2041	0.08	318	1	93.0	15
05/01/25	12:15	12.9	12.9	12.8	84	10.3	12.9	NW	3.22	33.8	NW	11.6	12.8	11.5	---	1000.3	0.00	0.0	108	2.32	146	0.056	0.000	13.9	55	5.0	12.9	10.31	1.2041	0.00	308	1	90.1	15
05/01/25	12:30	13.1	13.1	12.9	84	10.4	17.7	NW	4.43	33.8	NNW	10.7	12.9	10.6	---	999.9	0.00	0.0	144	3.10	158	0.055	0.000	13.9	55	5.0	13.0	10.31	1.2034	0.00	317	1	92.7	15
05/01/25	12:45	12.8	13.1	12.8	85	10.4	12.9	WNW	3.22	32.2	NW	11.4	12.7	11.3	---	999.5	0.00	0.0	80	1.72	139	0.057	0.000	14.0	56	5.4	13.1	10.45	1.2024	0.00	305	1	89.2	15
05/01/25	13:00	12.9	12.9	12.8	84	10.2	17.7	NW	4.43	35.4	NNW	10.4	12.8	10.3	---	999.2	0.00	0.0	144	3.10	155	0.057	0.000	14.0	56	5.4	13.1	10.45	1.2020	0.10	303	1	88.6	15
05/01/25	13:15	12.8	12.9	12.8	85	10.4	17.7	NW	4.43	38.6	NW	10.4	12.7	10.3	---	999.0	0.00	0.0	106	2.28	135	0.057	0.000	14.0	56	5.4	13.1	10.45	1.2017	0.00	309	1	90.4	15
05/01/25	13:30	12.9	12.9	12.8	85	10.4	12.9	NW	3.22	29.0	NW	11.5	12.8	11.4	---	998.7	0.00	0.0	122	2.62	141	0.057	0.000	14.0	56	5.4	13.1	10.45	1.2014	0.00	312	1	91.2	15
05/01/25	13:45	13.1	13.1	12.9	85	10.6	14.5	NW	3.62	29.0	NNW	11.3	12.9	11.2	---	998.6	0.00	0.0	150	3.23	171	0.055	0.000	14.0	56	5.4	13.1	10.45	1.2012	0.00	277	1	81.0	15
05/01/25	14:00	13.2	13.2	13.1	84	10.5	16.1	NW	4.02	29.0	NW	11.1	13.1	10.9	---	998.1	0.00	0.0	108	2.32	123	0.054	0.000	14.0	56	5.4	13.1	10.45	1.2007	0.10	305	1	89.2	15
05/01/25	14:15	13.2	13.2	13.2	83	10.4	17.7	NW	4.43	32.2	NNW	10.8	13.1	10.7	---	997.6	0.00	0.0	71	1.53	100	0.053	0.000	14.0	56	5.4	13.1	10.45	1.2001	0.00	281	1	82.2	15
05/01/25	14:30	13.3	13.4	13.2	82	10.3	16.1	NW	4.02	33.8	WNW	11.3	13.2	11.1	---	997.5	0.00	0.0	88	1.89	102	0.052	0.000	14.0	56	5.4	13.1	10.45	1.2000	0.00	288	1	84.2	15
05/01/25	14:45	13.5	13.5	13.3	82	10.5	16.1	NW	4.02	35.4	NW	11.5	13.3	11.3	---	997.3	0.00	0.0	111	2.39	120	0.050	0.000	14.0	56	5.4	13.1	10.45	1.1996	0.00	300	1	87.7	15
05/01/25	15:00	13.6	13.6	13.5	82	10.5	14.5	NW	3.62	32.2	NW	11.9	13.4	11.7	---	997.1	0.00	0.0	83	1.78	104	0.050	0.000	14.0	56	5.4	13.1	10.45	1.1994	0.08	273	1	79.8	15
05/01/25	15:15	13.6	13.7	13.6	81	10.4	16.1	NW	4.02	35.4	NW	11.6	13.4	11.4	---	997.1	0.00	0.0	75	1.61	84	0.049	0.000	14.0	57	5.6	13.1	10.61	1.1992	0.00	275	1	80.4	15
05/01/25	15:30	13.6	13.7	13.6	82	10.5	12.9	W	3.22	30.6	NNW	12.3	13.4	12.2	---	996.9	0.00	0.0	67	1.44	77	0.050	0.000	14.0	57	5.6	13.1	10.61	1.1990	0.00	263	1	76.9	15
05/01/25	15:45	13.4	13.6	13.4	82	10.4	14.5	NW	3.62	27.4	WNW	11.8	13.3	11.6	---	996.7	0.00	0.0	71	1.53	77	0.051	0.000	14.0	57	5.6	13.1	10.61	1.1988	0.00	275	1	80.4	15
05/01/25	16:00	13.3	13.4	13.3	81	10.1	14.5	NW	3.62	32.2	NNW	11.7	13.2	11.5	---	996.5	0.00	0.0	44	0.95	56	0.052	0.000	14.0	57	5.6	13.1	10.61	1.1985	0.08	278	1	81.3	15
05/01/25	16:15	13.3	13.3	13.3	81	10.1	14.5	WNW	3.62	27.4	WSW	11.6	13.1	11.4	---	996.5	0.00	0.0	31	0.67	39	0.053	0.000	13.9	57	5.6	13.1	10.61	1.1988	0.00	272	1	79.5	15
05/01/25	16:30	13.2	13.3	13.2	80	9.8	16.1	W	4.02	29.0	WSW	11.2	13.1	11.0	---	996.2	0.00	0.0	22	0.47	23	0.053	0.000	14.0	57	5.6	13.1	10.61	1.1981	0.00	251	1	73.4	15
05/01/25	16:45	13.1	13.2	13.1	80	9.7	14.5	W	3.62	27.4	WNW	11.4	12.9	11.2	---	995.9	0.00	0.0	16	0.34	21	0.054	0.000	13.9	57	5.6	13.1	10.61	1.1981	0.00	269	1	78.7	15
05/01/25	17:00	13.1	13.1	13.1	79	9.5	14.5	WNW	3.62	25.7	NNW	11.4	12.9	11.2	---	995.8	0.00	0.0	8	0.17	12	0.054	0.000	13.9	57	5.6	13.1	10.61	1.1980	0.03	275	1	80.4	15
05/01/25	17:15	13.2	13.2	13.1	78	9.4	17.7	NNW	4.43	35.4	NNW	10.8	12.9	10.6	---	995.7	0.00	0.0	3	0.06	5	0.054	0.000	13.9	57	5.6	13.1	10.61	1.1979	0.00	273	1	79.8	15
05/01/25	17:30	13.1	13.2	13.1	78	9.4	16.1	NNW	4.02	38.6	NW	11.0	12.9	10.8	---	995.5	0.00	0.0	2	0.04	7	0.054	0.000	13.9	57	5.6	13.1	10.61	1.1975	0.00	266	1	77.8	15
05/01/25	17:45	13.1	13.1	13.1	78	9.3	14.5	NW	3.62	33.8	NW	11.3	12.8	11.1	---	995.4	0.00	0.0	0	0.00	0	0.055	0.000	13.9	57	5.5	13.0	10.61	1.1977	0.00	250	1	73.1	15
05/01/25	18:00	13.1	13.2	13.1	78	9.4	16.1	NNW	4.02	33.8	NW	11.0	12.9	10.8	---	995.4	0.00	0.0	0	0.00	0	0.054	0.000	13.9	57	5.6	13.1	10.61	1.1974	0.03	260	1	76.0	15
05/01/25	18:15	13.1	13.1	13.0	78	9.3	14.5	NW	3.62	29.0	NNW	11.3	12.8	11.1	---	995.0	0.00	0.0	0	0.00	0	0.055	0.000	13.9	57	5.5	13.0	10.61	1.1973	0.00	237	1	69.3	15
05/01/25	18:30	12.9	13.1	12.9	78	9.2	14.5	W	3.62	27.4	N	11.2	12.7	11.0	---	994.7	0.00	0.0	0	0.00	0	0.056	0.000	13.9	57	5.5	13.0	10.61	1.1969	0.00	264	1	77.2	15
05/01/25	18:45	13.0	13.0	12.9	78	9.3	16.1	NW	4.02	27.4	NNW	10.9	12.8	10.7	---	994.7	0.00	0.0	0	0.00	0	0.056	0.000	13.9	58	5.8	13.1	10.75	1.1967	0.00	260	1	76.0	15
05/01/25	19:00	13.0	13.0	12.9	78	9.3	16.1	WNW	4.02	29.0	NNW	10.9	12.8	10.7	---	994.7	0.00	0.0	0	0.00	0	0.056	0.000	13.9	58	5.8	13.1	10.75	1.1966	0.03	273	1	79.8	15
05/01/25	19:15	12.9	13.1	12.9	78	9.2	17.7	WNW	4.43	32.2	NNW	10.5	12.7	10.3	---	994.5	0.00	0.0	0	0.00	0	0.056	0.000	13.9	58	5.8	13.1	10.75	1.1965	0.00	271	1	79.2	15
05/01/25	19:30	12.9	12.9	12.9	79	9.3	14.5	NW	3.62	30.6	W	11.1	12.7	10.9	---	994.4	0.00	0.0	0	0.00	0	0.057	0.000	13.9	58	5.8	13.1	10.75	1.1963	0.00	256	1	74.9	15
05/01/25	19:45	12.9	12.9	12.8	79	9.3	16.1	W	4.02	32.2	W	10.7	12.7	10.5	---	994.2	0.00	0.0	0	0.00	0	0.057	0.000	13.9	58	5.8	13.1	10.75	1.1961	0.00	246	1	71.9	15
05/01/25	20:00	12.8	12.9	12.8	80	9.4	14.5	NNW	3.62	27.4	WNW	11.0	12.6	10.8	---	994.3	0.00	0.0	0	0.00	0	0.058	0.000	13.8	58	5.7	13.0	10.75	1.1965	0.03	286	1	83.6	15
05/01/25	20:15	12.9	12.9	12.8	79	9.3	17.7	NW	4.43	37.0	NNW	10.4	12.7	10.2	---	994.1	0.00	0.0	0	0.00	0	0.057	0.000	13.9	58	5.8	13.1	10.75	1.1960	0.00	294	1	86.0	15
05/01/25	20:30	12.9	12.9	12.9	79	9.4	16.1	NW	4.02	27.4	W	10.8	12.7	10.6	---	994.0	0.00	0.0	0	0.00	0	0.056	0.000	13.9	58	5.8	13.1	10.75	1.1959	0.00	267	1	78.1	15
05/01/25	20:45	13.1	13.1	12.9	78	9.3	17.7	NNW	4.43	35.4	NNW	10.7	12.8	10.4	---	993.8	0.00	0.0	0	0.00	0	0.055	0.000	13.8	58	5.7	13.0	10.75	1.1959	0.00	284	1	83.0	15
05/01/25	21:00	13.2	13.2	13.1	78	9.4	17.7	NW	4.43	38.6	NW	10.8	12.9	10.6	---	993.6	0.00	0.0	0	0.00	0	0.054	0.000	13.8	58	5.7	13.0	10.75	1.1956	0.03	259	1	75.7	15
05/01/25	21:15	13.1	13.2	13.1	77	9.2	17.7	NW	4.43	40.2	NNW	10.7	12.8	10.4	---	993.3	0.00	0.0	0	0.00	0	0.054	0.000	13.8	58	5.7	13.0	10.75	1.1953	0.00	290	1	84.8	15
05/01/25	21:30	12.9	13.2	12.9	78	9.1	16.1	NW	4.02	37.0	WNW	10.7	12.7	10.5	---	993.2	0.00	0.0	0	0.00	0	0.057	0.000	13.8	58	5.7	13.0	10.75	1.1951	0.00	267	1	78.1	15
05/01/25	21:45	13.0	13.1	12.9	77	9.1	17.7	NNW	4.43	41.8	NNW	10.6	12.7	10.3	---	993.2	0.00	0.0	0	0.00	0	0.056	0.000	13.9	58	5.8	13.1	10.75	1.1949	0.00	280	1	81.9	15
05/01/25	22:00	13.0	13.1	12.9	77	9.1	17.7	NW	4.43	30.6	NNW	10.6	12.7	10.3	---	993.2	0.00	0.0	0	0.00	0	0.056	0.000	13.9	58	5.8	13.1	10.75	1.1948	0.03	269	1	78.7	15
05/01/25	22:15	12.9	13.0	12.9	77	9.0	17.7	WNW	4.43	32.2	WNW	10.5	12.7	10.2	---	992.8	0.00	0.0	0	0.00	0	0.056	0.000	13.9	58	5.8	13.1	10.75	1.1943	0.00	286	1	83.6	15
05/01/25	22:30	12.8	12.9	12.8	78	9.1	17.7	NW	4.43	35.4	WNW	10.4	12.6	10.2	---	992.9	0.00	0.0	0	0.00	0	0.057	0.000	13.8	58	5.7	13.0	10.75	1.1947	0.00	279	1	81.6	15
05/01/25	22:45	12.8	12.9	12.7	78	9.0	19.3	NNW	4.83	43.5	NNE	10.0	12.6	9.8	---	992.7	0.00	0.0	0	0.00	0	0.058	0.000	13.8	59	6.0	13.0	10.95	1.1943	0.00	279	1	81.6	15
05/01/25	23:00	12.8	12.8	12.7	78	9.0	19.3	NW	4.83	30.6	NNW	10.0	12.6	9.8	---	992.5	0.00	0.0	0	0.00	0	0.058	0.000	13.8	59	6.0	13.0	10.95	1.1940	0.03	294	1	86.0	15
05/01/25	23:15	12.6	12.8	12.6	79	9.1	17.7	NNW	4.43	33.8	NW	10.1	12.4	9.9	---	992.1	0.00	0.0	0	0.00	0	0.060	0.000	13.8	59	6.0	13.0	10.95	1.1936	0.00	290	1	84.8	15
05/01/25	23:30	12.4	12.6	12.4	80	9.1	17.7	NW	4.43	38.6	NW	9.9	12.3	9.8	---	991.9	0.00	0.0	0	0.00	0	0.061	0.000	13.8	59	6.0	13.0	10.95	1.1933	0.00	304	1	88.9	15
05/01/25	23:45	12.3	12.4	12.3	81	9.2	16.1	NNW	4.02	32.2	WNW	10.1	12.2	9.9	---	991.7	0.00	0.0	0	0.00	0	0.062	0.000	13.8	59	6.0	13.0	10.95	1.1932	0.00	287	1	83.9	15
06/01/25	00:00	12.3	12.3	12.3	81	9.2	16.1	WNW	4.02	32.2	NNW	10.1	12.2	9.9	---	991.6	0.00	0.0	0	0.00	0	0.062	0.000	13.8	59	6.0	13.0	10.95	1.1931	0.03	287	1	83.9	15
06/01/25	0:15	12.4	12.4	12.3	81	9.2	17.7	WNW	4.43	40.2	W	9.9	12.2	9.7	---	991.6	0.00	0.0	0	0.00	0	0.062	0.000	13.8	59	6.0	13.0	10.95	1.1930	0.00	292	1	85.4	15
06/01/25	0:30	12.3	12.4	12.3	81	9.1	17.7	WNW	4.43	45.1	NNW	9.7	12.1	9.6	---	991.3	0.00	0.0	0	0.00	0	0.063	0.000	13.8	59	6.0	13.0	10.95	1.1926	0.00	309	1	90.4	15
06/01/25	0:45	12.3	12.4	12.3	81	9.2	19.3	NNW	4.83	40.2	NW	9.5	12.2	9.3	---	991.4	0.00	0.0	0	0.00	0	0.062	0.000	13.8	59	6.0	13.0	10.95	1.1927	0.00	317	1	92.7	15
06/01/25	1:00	12.3	12.4	12.3	81	9.2	17.7	WNW	4.43	38.6	W	9.8	12.2	9.6	---	990.9	0.00	0.0	0	0.00	0	0.062	0.000	13.8	59	5.9	12.9	10.95	1.1924	0.03	323	1	94.4	15
06/01/25	1:15	12.5	12.5	12.3	81	9.3	17.7	NNW	4.43	35.4	NW	10.0	12.3	9.8	---	990.4	0.00	0.0	0	0.00	0	0.061	0.000	13.8	59	6.0	13.0	10.95	1.1915	0.00	328	1	95.9	15
06/01/25	1:30	12.4	12.6	12.4	81	9.3	17.7	NW	4.43	38.6	W	9.9	12.3	9.8	---	990.4	0.00	0.0	0	0.00	0	0.061	0.000	13.8	59	5.9	12.9	10.95	1.1918	0.00	327	1	95.6	15
06/01/25	1:45	12.3	12.4	12.3	81	9.1	16.1	NW	4.02	29.0	NW	10.1	12.1	9.9	---	990.1	0.00	0.0	0	0.00	0	0.063	0.000	13.8	59	5.9	12.9	10.95	1.1914	0.00	335	1	98.0	15
06/01/25	2:00	12.3	12.3	12.2	81	9.1	16.1	WNW	4.02	33.8	N	10.1	12.1	9.9	---	989.9	0.00	0.0	0	0.00	0	0.063	0.000	13.8	59	6.0	13.0	10.95	1.1910	0.03	327	1	95.6	15
06/01/25	2:15	12.2	12.3	12.1	82	9.2	16.1	NNW	4.02	33.8	NW	9.9	12.1	9.8	---	989.5	0.00	0.0	0	0.00	0	0.064	0.000	13.8	59	6.0	13.0	10.95	1.1905	0.00	319	1	93.3	15
06/01/25	2:30	12.2	12.2	12.1	82	9.2	16.1	NW	4.02	32.2	NW	10.0	12.1	9.9	---	989.4	0.00	0.0	0	0.00	0	0.064	0.000	13.8	59	5.9	12.9	10.95	1.1907	0.00	336	1	98.2	15
06/01/25	2:45	12.3	12.3	12.2	81	9.2	17.7	WNW	4.43	40.2	WNW	9.8	12.2	9.6	---	989.3	0.00	0.0	0	0.00	0	0.062	0.000	13.8	59	6.0	13.0	10.95	1.1902	0.00	333	1	97.4	15
06/01/25	3:00	12.4	12.4	12.3	82	9.4	17.7	NNW	4.43	33.8	NW	9.9	12.3	9.8	---	989.1	0.00	0.0	0	0.00	0	0.062	0.000	13.8	59	6.0	13.0	10.95	1.1899	0.03	327	1	95.6	15
06/01/25	3:15	12.4	12.4	12.3	82	9.4	17.7	NNW	4.43	33.8	NW	9.9	12.3	9.8	---	989.1	0.00	0.0	0	0.00	0	0.062	0.000	13.8	59	5.9	12.9	10.95	1.1903	0.00	331	1	96.8	15
06/01/25	3:30	12.4	12.5	12.3	83	9.6	17.7	NW	4.43	33.8	WNW	9.9	12.3	9.8	---	988.9	0.00	0.0	0	0.00	0	0.061	0.000	13.8	59	5.9	12.9	10.95	1.1900	0.00	334	1	97.7	15
06/01/25	3:45	12.3	12.5	12.3	84	9.7	17.7	WNW	4.43	30.6	NNW	9.8	12.2	9.7	---	988.3	0.00	0.0	0	0.00	0	0.062	0.000	13.8	59	5.9	12.9	10.95	1.1892	0.00	330	1	96.5	15
06/01/25	4:00	12.2	12.3	12.2	85	9.8	17.7	WNW	4.43	33.8	WNW	9.7	12.2	9.6	---	988.2	0.00	0.0	0	0.00	0	0.064	0.000	13.8	60	6.1	13.0	11.09	1.1889	0.03	317	1	92.7	15
06/01/25	4:15	12.3	12.3	12.2	84	9.7	17.7	WNW	4.43	33.8	NW	9.7	12.2	9.7	---	987.8	0.00	0.0	0	0.00	0	0.063	0.000	13.8	60	6.2	13.1	11.09	1.1882	0.00	339	1	99.1	15
06/01/25	4:30	12.3	12.3	12.2	84	9.7	17.7	NW	4.43	33.8	NW	9.7	12.2	9.7	---	987.7	0.00	0.0	0	0.00	0	0.063	0.000	13.9	60	6.2	13.1	11.09	1.1878	0.00	340	1	99.4	15
06/01/25	4:45	12.3	12.4	12.3	83	9.5	17.7	WNW	4.43	37.0	NW	9.8	12.2	9.7	---	987.7	0.00	0.0	0	0.00	0	0.062	0.000	13.9	60	6.2	13.1	11.09	1.1878	0.00	340	1	99.4	15
06/01/25	5:00	12.3	12.3	12.3	83	9.5	16.1	WNW	4.02	27.4	W	10.1	12.2	10.0	---	987.6	0.00	0.0	0	0.00	0	0.062	0.000	13.9	60	6.3	13.2	11.09	1.1874	0.03	335	1	98.0	15
06/01/25	5:15	12.2	12.3	12.2	84	9.6	14.5	WNW	3.62	27.4	N	10.3	12.2	10.3	---	987.4	0.00	0.0	0	0.00	0	0.064	0.000	13.9	60	6.3	13.2	11.09	1.1872	0.00	331	1	96.8	15
06/01/25	5:30	11.7	12.2	11.7	87	9.6	14.5	NNW	3.62	30.6	NW	9.7	11.7	9.7	---	986.9	0.00	0.0	0	0.00	0	0.069	0.000	14.0	59	6.1	13.2	10.95	1.1865	0.00	311	1	90.9	15
06/01/25	5:45	11.9	11.9	11.7	87	9.8	14.5	NNW	3.62	35.4	NNW	9.9	11.9	9.9	---	986.6	0.00	0.0	0	0.00	0	0.067	0.000	14.0	59	6.1	13.2	10.95	1.1862	0.00	330	1	96.5	15
06/01/25	6:00	11.7	11.9	11.7	88	9.8	14.5	WNW	3.62	37.0	WNW	9.7	11.7	9.7	---	986.8	0.00	0.0	0	0.00	0	0.069	0.000	14.1	59	6.2	13.2	10.95	1.1861	0.03	332	1	97.1	15
06/01/25	6:15	11.2	11.7	11.2	92	10.0	17.7	NNW	4.43	37.0	N	8.5	11.4	8.7	---	986.8	0.00	0.0	0	0.00	0	0.074	0.000	14.1	59	6.2	13.2	10.95	1.1861	0.00	286	1	83.6	15
06/01/25	6:30	11.2	11.3	11.2	92	9.9	17.7	NNW	4.43	46.7	N	8.4	11.3	8.6	---	986.7	0.00	0.0	0	0.00	0	0.075	0.000	14.1	60	6.4	13.3	11.10	1.1857	0.00	286	1	83.6	15
06/01/25	6:45	11.2	11.2	11.1	91	9.8	16.1	NNW	4.02	29.0	N	8.7	11.3	8.8	---	986.1	0.00	0.0	0	0.00	0	0.075	0.000	14.2	60	6.5	13.4	11.10	1.1845	0.00	272	1	79.5	15
06/01/25	7:00	10.9	11.2	10.9	91	9.5	12.9	NNW	3.22	27.4	NNW	9.1	11.0	9.2	---	985.9	0.00	0.0	0	0.00	0	0.078	0.000	14.2	61	6.8	13.5	11.25	1.1838	0.00	214	1	62.6	15
06/01/25	7:15	11.0	11.0	10.8	91	9.6	16.1	NNW	4.02	35.4	NW	8.6	11.1	8.7	---	985.6	0.00	0.0	0	0.00	0	0.076	0.000	14.3	61	6.9	13.6	11.25	1.1832	0.00	251	1	73.4	15
06/01/25	7:30	11.1	11.1	11.0	91	9.6	16.1	NNW	4.02	29.0	NNE	8.6	11.2	8.7	---	985.6	0.00	0.0	0	0.00	0	0.076	0.000	14.3	62	7.1	13.6	11.49	1.1827	0.00	259	1	75.7	15
06/01/25	7:45	10.9	11.1	10.9	93	9.8	17.7	NNW	4.43	35.4	NNW	8.1	11.1	8.3	---	986.3	0.00	0.0	0	0.00	0	0.078	0.000	14.4	62	7.2	13.7	11.49	1.1829	0.00	292	1	85.4	15
06/01/25	8:00	10.5	10.9	10.5	92	9.3	19.3	NNW	4.83	40.2	NNW	7.4	10.7	7.6	---	986.9	0.00	0.0	0	0.00	0	0.082	0.000	14.4	62	7.2	13.7	11.49	1.1837	0.00	317	1	92.7	15
06/01/25	8:15	10.2	10.5	10.2	92	8.9	16.1	NNW	4.02	35.4	NNW	7.6	10.4	7.8	---	987.3	0.00	0.0	0	0.00	0	0.085	0.000	14.5	63	7.5	13.8	11.69	1.1837	0.00	316	1	92.4	15
06/01/25	8:30	---	10.2	10.2	---	---	16.1	N	4.02	30.6	NNE	---	---	---	---	988.3	0.00	0.0	0	0.00	---	---	---	15.2	64	8.4	14.5	11.88	1.1814	0.00	70	1	20.5	15
06/01/25	8:45	9.6	9.6	9.6	92	8.3	12.9	NNE	3.22	19.3	NNW	7.5	9.8	7.7	---	988.6	0.00	0.0	0	0.00	0	0.091	0.000	15.2	65	8.6	14.6	12.08	1.1816	0.00	15	1	4.4	15
06/01/25	9:00	9.4	9.6	9.4	92	8.2	11.3	NNW	2.82	24.1	N	7.7	9.6	7.9	---	989.4	0.00	0.0	0	0.00	0	0.093	0.000	15.3	64	8.6	14.7	11.87	1.1819	0.00	128	1	37.4	15
06/01/25	9:15	9.4	9.4	9.3	90	7.8	14.5	N	3.62	32.2	NNE	7.0	9.6	7.2	---	990.2	0.00	0.0	6	0.13	7	0.093	0.000	15.7	64	8.9	15.1	11.84	1.1810	0.00	86	1	25.1	15
