		Temp	Hi	Low	Out	Dew	Wind	Wind	Wind	Hi	Hi	Wind	Heat	THW	THSW			Rain	Solar	Solar	Hi Solar	Heat	Cool	In 	In	In 	In 	In 	In Air		Wind	Wind	ISS 	Arc.
Date	Time	Out	Temp	Temp	Hum	Pt.	Speed	Dir	Run	Speed	Dir	Chill	Index	Index	Index	Bar  	Rain	Rate	Rad.	Energy	Rad. 	D-D 	D-D 	Temp	Hum	Dew	Heat	EMC	Density	ET 	Samp	Tx 	Recept	Int.
01/09/22	0:05	19.0	19.1	19.0	88	17.0	4.8	SSW	0.40	12.9	W	19.0	19.7	19.7	---	1018.8	0.00	0.0	0	0.00	0	0.000	0.002	26.4	55	16.7	26.8	9.87	1.1632	0.00	63	1	55.3	5
01/09/22	0:10	18.9	19.0	18.9	88	16.9	4.8	SSE	0.40	14.5	SW	18.9	19.5	19.5	---	1018.7	0.00	0.0	0	0.00	0	0.000	0.002	26.4	55	16.7	26.8	9.87	1.1631	0.00	113	1	99.1	5
01/09/22	0:15	18.7	18.9	18.7	89	16.9	4.8	WSW	0.40	9.7	SW	18.7	19.4	19.4	---	1018.7	0.00	0.0	0	0.00	0	0.000	0.001	26.4	55	16.7	26.8	9.87	1.1631	0.00	109	1	95.6	5
01/09/22	0:20	18.6	18.7	18.6	90	16.9	3.2	SW	0.27	11.3	WNW	18.6	19.3	19.3	---	1018.6	0.00	0.0	0	0.00	0	0.000	0.001	26.4	55	16.7	26.8	9.87	1.1630	0.00	111	1	97.4	5
01/09/22	0:25	18.6	18.7	18.6	90	16.9	1.6	SW	0.13	4.8	SW	18.6	19.2	19.2	---	1018.5	0.00	0.0	0	0.00	0	0.000	0.001	26.4	55	16.6	26.7	9.87	1.1632	0.00	115	1	100.0	5
01/09/22	0:30	18.5	18.6	18.5	90	16.8	0.0	SW	0.00	3.2	SW	18.5	19.2	19.2	---	1018.4	0.00	0.0	0	0.00	0	0.000	0.001	26.4	55	16.6	26.7	9.87	1.1630	0.00	108	1	94.7	5
01/09/22	0:35	18.6	18.6	18.5	91	17.1	1.6	SW	0.13	4.8	S	18.6	19.3	19.3	---	1018.2	0.00	0.0	0	0.00	0	0.000	0.001	26.4	55	16.6	26.7	9.87	1.1628	0.00	115	1	100.0	5
01/09/22	0:40	18.6	18.7	18.6	91	17.1	1.6	SSE	0.13	3.2	SSE	18.6	19.3	19.3	---	1018.1	0.00	0.0	0	0.00	0	0.000	0.001	26.3	55	16.6	26.7	9.87	1.1630	0.00	116	1	100.0	5
01/09/22	0:45	18.6	18.7	18.6	91	17.1	0.0	---	0.00	0.0	---	18.6	19.3	19.3	---	1018.0	0.00	0.0	0	0.00	0	0.000	0.001	26.3	55	16.6	26.7	9.87	1.1628	0.00	110	1	96.5	5
01/09/22	0:50	18.5	18.6	18.5	91	17.0	0.0	SSE	0.00	1.6	SSE	18.5	19.2	19.2	---	1017.9	0.00	0.0	0	0.00	0	0.000	0.001	26.3	55	16.6	26.7	9.87	1.1628	0.00	99	1	86.8	5
01/09/22	0:55	18.4	18.5	18.4	92	17.1	1.6	SSE	0.13	3.2	SSE	18.4	19.2	19.2	---	1017.9	0.00	0.0	0	0.00	0	0.000	0.000	26.3	55	16.5	26.6	9.88	1.1631	0.00	110	1	96.5	5
01/09/22	1:00	18.4	18.4	18.4	93	17.3	3.2	W	0.27	6.4	SW	18.4	19.2	19.2	---	1018.0	0.00	0.0	0	0.00	0	0.000	0.000	26.3	56	16.8	26.6	10.08	1.1627	0.00	115	1	100.0	5
01/09/22	1:05	18.4	18.4	18.4	93	17.2	1.6	WNW	0.13	4.8	W	18.4	19.1	19.1	---	1017.8	0.00	0.0	0	0.00	0	0.000	0.000	26.3	56	16.8	26.6	10.08	1.1625	0.00	113	1	99.1	5
01/09/22	1:10	18.4	18.4	18.3	93	17.2	0.0	WNW	0.00	3.2	WNW	18.4	19.1	19.1	---	1017.7	0.00	0.0	0	0.00	0	0.000	0.000	26.3	56	16.8	26.6	10.08	1.1624	0.00	112	1	98.2	5
01/09/22	1:15	18.4	18.4	18.3	93	17.2	1.6	WNW	0.13	3.2	WNW	18.4	19.1	19.1	---	1017.8	0.00	0.0	0	0.00	0	0.000	0.000	26.3	56	16.8	26.6	10.08	1.1626	0.00	106	1	93.0	5
01/09/22	1:20	18.4	18.4	18.3	93	17.2	0.0	WNW	0.00	1.6	WNW	18.4	19.1	19.1	---	1017.6	0.00	0.0	0	0.00	0	0.000	0.000	26.2	56	16.7	26.6	10.08	1.1626	0.00	100	1	87.7	5
01/09/22	1:25	18.4	18.4	18.3	93	17.2	0.0	WNW	0.00	1.6	WNW	18.4	19.1	19.1	---	1017.7	0.00	0.0	0	0.00	0	0.000	0.000	26.2	56	16.7	26.6	10.08	1.1627	0.00	100	1	87.7	5
01/09/22	1:30	18.3	18.4	18.3	94	17.4	1.6	WNW	0.13	4.8	NW	18.3	19.1	19.1	---	1017.7	0.00	0.0	0	0.00	0	0.000	0.000	26.2	56	16.7	26.6	10.08	1.1627	0.00	79	1	69.3	5
01/09/22	1:35	18.2	18.3	18.2	94	17.2	3.2	NW	0.27	8.0	NNW	18.2	18.9	18.9	---	1017.7	0.00	0.0	0	0.00	0	0.000	0.000	26.2	56	16.7	26.6	10.08	1.1627	0.00	40	1	35.1	5
01/09/22	1:40	18.1	18.2	18.1	94	17.1	4.8	NW	0.40	6.4	NNW	18.1	18.7	18.7	---	1017.7	0.00	0.0	0	0.00	0	0.001	0.000	26.2	56	16.7	26.5	10.09	1.1631	0.00	55	1	48.2	5
01/09/22	1:45	18.1	18.1	18.1	94	17.1	3.2	W	0.27	4.8	W	18.1	18.7	18.7	---	1017.6	0.00	0.0	0	0.00	0	0.001	0.000	26.2	56	16.7	26.5	10.09	1.1629	0.00	89	1	78.1	5
01/09/22	1:50	18.1	18.1	18.1	94	17.1	1.6	W	0.13	3.2	W	18.1	18.8	18.8	---	1017.7	0.00	0.0	0	0.00	0	0.001	0.000	26.2	56	16.7	26.5	10.09	1.1630	0.00	69	1	60.5	5
01/09/22	1:55	18.1	18.1	18.1	94	17.1	1.6	WNW	0.13	3.2	W	18.1	18.7	18.7	---	1017.7	0.00	0.0	0	0.00	0	0.001	0.000	26.2	56	16.7	26.5	10.09	1.1630	0.00	63	1	55.3	5
01/09/22	2:00	18.1	18.1	18.0	94	17.1	3.2	NW	0.27	6.4	N	18.1	18.7	18.7	---	1017.6	0.00	0.0	0	0.00	0	0.001	0.000	26.2	56	16.7	26.5	10.09	1.1629	0.00	51	1	44.7	5
01/09/22	2:05	18.1	18.1	18.0	95	17.2	6.4	N	0.54	12.9	N	18.1	18.8	18.8	---	1017.6	0.00	0.0	0	0.00	0	0.001	0.000	26.2	57	17.0	26.6	10.19	1.1625	0.00	96	1	84.2	5
01/09/22	2:10	18.1	18.1	18.0	95	17.2	3.2	NE	0.27	6.4	NE	18.1	18.8	18.8	---	1017.6	0.00	0.0	0	0.00	0	0.001	0.000	26.2	57	17.0	26.6	10.19	1.1625	0.00	66	1	57.9	5
01/09/22	2:15	18.2	18.2	18.1	94	17.2	3.2	NNE	0.27	11.3	NNE	18.2	18.9	18.9	---	1017.7	0.00	0.0	0	0.00	0	0.001	0.000	26.2	57	17.0	26.6	10.19	1.1626	0.00	77	1	67.5	5
01/09/22	2:20	18.2	18.2	18.1	94	17.2	1.6	N	0.13	6.4	NW	18.2	18.9	18.9	---	1017.6	0.00	0.0	0	0.00	0	0.001	0.000	26.1	57	16.9	26.5	10.19	1.1628	0.00	53	1	46.5	5
01/09/22	2:25	18.1	18.2	18.1	94	17.1	3.2	NW	0.27	4.8	NW	18.1	18.8	18.8	---	1017.6	0.00	0.0	0	0.00	0	0.001	0.000	26.2	57	17.0	26.6	10.19	1.1625	0.00	68	1	59.6	5
01/09/22	2:30	18.2	18.2	18.1	94	17.2	0.0	NW	0.00	1.6	NW	18.2	18.9	18.9	---	1017.5	0.00	0.0	0	0.00	0	0.001	0.000	26.1	57	16.9	26.5	10.19	1.1627	0.00	66	1	57.9	5
01/09/22	2:35	18.2	18.2	18.1	94	17.2	0.0	NW	0.00	1.6	NW	18.2	18.9	18.9	---	1017.4	0.00	0.0	0	0.00	0	0.001	0.000	26.1	57	16.9	26.5	10.19	1.1626	0.00	84	1	73.7	5
01/09/22	2:40	18.2	18.2	18.2	94	17.2	0.0	NW	0.00	1.6	NW	18.2	18.9	18.9	---	1017.3	0.00	0.0	0	0.00	0	0.001	0.000	26.1	57	16.9	26.4	10.19	1.1627	0.00	65	1	57.0	5
01/09/22	2:45	18.2	18.2	18.1	94	17.2	0.0	---	0.00	0.0	---	18.2	18.9	18.9	---	1017.2	0.00	0.0	0	0.00	0	0.001	0.000	26.1	57	16.9	26.4	10.19	1.1626	0.00	56	1	49.1	5
01/09/22	2:50	18.1	18.2	18.1	94	17.1	0.0	NW	0.00	1.6	NW	18.1	18.8	18.8	---	1017.3	0.00	0.0	0	0.00	0	0.001	0.000	26.1	57	16.9	26.4	10.19	1.1627	0.00	66	1	57.9	5
01/09/22	2:55	18.2	18.2	18.1	94	17.2	0.0	NW	0.00	3.2	NW	18.2	18.9	18.9	---	1017.2	0.00	0.0	0	0.00	0	0.000	0.000	26.1	57	16.9	26.4	10.19	1.1626	0.00	90	1	78.9	5
01/09/22	3:00	18.2	18.2	18.2	94	17.2	1.6	NW	0.13	3.2	NW	18.2	18.9	18.9	---	1017.3	0.00	0.0	0	0.00	0	0.000	0.000	26.1	57	16.9	26.4	10.19	1.1628	0.00	102	1	89.5	5
01/09/22	3:05	18.2	18.3	18.2	95	17.4	0.0	NW	0.00	1.6	NW	18.2	19.0	19.0	---	1017.2	0.00	0.0	0	0.00	0	0.000	0.000	26.0	57	16.8	26.3	10.20	1.1629	0.00	75	1	65.8	5
01/09/22	3:10	18.3	18.3	18.2	94	17.3	0.0	NW	0.00	1.6	NW	18.3	19.0	19.0	---	1017.2	0.00	0.0	0	0.00	0	0.000	0.000	26.0	57	16.8	26.3	10.20	1.1629	0.00	66	1	57.9	5
01/09/22	3:15	18.2	18.3	18.2	94	17.2	0.0	NW	0.00	1.6	NW	18.2	18.9	18.9	---	1017.1	0.00	0.0	0	0.00	0	0.000	0.000	26.0	57	16.8	26.3	10.20	1.1628	0.00	54	1	47.4	5
01/09/22	3:20	18.2	18.3	18.2	95	17.4	1.6	NW	0.13	3.2	NW	18.2	19.0	19.0	---	1017.0	0.00	0.0	0	0.00	0	0.000	0.000	26.0	57	16.8	26.3	10.20	1.1627	0.00	54	1	47.4	5
01/09/22	3:25	18.2	18.2	18.2	95	17.4	0.0	NW	0.00	1.6	NW	18.2	19.0	19.0	---	1017.0	0.00	0.0	0	0.00	0	0.000	0.000	26.0	57	16.8	26.3	10.20	1.1627	0.00	49	1	43.0	5
01/09/22	3:30	18.2	18.2	18.2	95	17.4	1.6	NW	0.13	3.2	NW	18.2	19.0	19.0	---	1016.9	0.00	0.0	0	0.00	0	0.000	0.000	26.0	57	16.8	26.3	10.20	1.1626	0.00	44	1	38.6	5
01/09/22	3:35	18.3	18.3	18.2	95	17.5	1.6	NW	0.13	3.2	NW	18.3	19.1	19.1	---	1016.9	0.00	0.0	0	0.00	0	0.000	0.000	26.0	57	16.8	26.3	10.20	1.1625	0.00	43	1	37.7	5
01/09/22	3:40	18.2	18.3	18.2	95	17.4	3.2	NW	0.27	4.8	WNW	18.2	19.0	19.0	---	1017.0	0.00	0.0	0	0.00	0	0.000	0.000	26.0	57	16.8	26.3	10.20	1.1626	0.00	44	1	38.6	5
01/09/22	3:45	18.2	18.2	18.2	95	17.4	3.2	NW	0.27	4.8	NNW	18.2	18.9	18.9	---	1016.8	0.00	0.0	0	0.00	0	0.001	0.000	26.0	57	16.8	26.3	10.20	1.1625	0.00	29	1	25.4	5
01/09/22	3:50	18.1	18.2	18.1	95	17.3	1.6	NW	0.13	4.8	WNW	18.1	18.8	18.8	---	1016.9	0.00	0.0	0	0.00	0	0.001	0.000	26.0	57	16.8	26.3	10.20	1.1625	0.00	44	1	38.6	5
01/09/22	3:55	18.1	18.1	18.1	95	17.2	0.0	WNW	0.00	3.2	WNW	18.1	18.8	18.8	---	1016.8	0.00	0.0	0	0.00	0	0.001	0.000	26.0	57	16.8	26.3	10.20	1.1624	0.00	48	1	42.1	5
01/09/22	4:00	18.1	18.1	18.1	95	17.2	0.0	WNW	0.00	1.6	WNW	18.1	18.8	18.8	---	1016.5	0.00	0.0	0	0.00	0	0.001	0.000	26.0	57	16.8	26.3	10.20	1.1621	0.00	49	1	43.0	5
01/09/22	4:05	18.1	18.1	18.1	95	17.3	0.0	WNW	0.00	1.6	WNW	18.1	18.8	18.8	---	1016.6	0.00	0.0	0	0.00	0	0.001	0.000	25.9	57	16.8	26.3	10.20	1.1625	0.00	44	1	38.6	5
01/09/22	4:10	18.1	18.1	18.1	95	17.3	1.6	WNW	0.13	3.2	WNW	18.1	18.8	18.8	---	1016.7	0.00	0.0	0	0.00	0	0.001	0.000	25.9	57	16.8	26.3	10.20	1.1626	0.00	47	1	41.2	5
01/09/22	4:15	18.1	18.2	18.1	95	17.3	0.0	WNW	0.00	3.2	WNW	18.1	18.8	18.8	---	1016.7	0.00	0.0	0	0.00	0	0.001	0.000	25.9	57	16.8	26.3	10.20	1.1626	0.00	48	1	42.1	5
01/09/22	4:20	18.1	18.1	18.1	95	17.3	0.0	---	0.00	0.0	---	18.1	18.8	18.8	---	1016.8	0.00	0.0	0	0.00	0	0.001	0.000	25.9	57	16.8	26.3	10.20	1.1627	0.00	45	1	39.5	5
01/09/22	4:25	18.2	18.2	18.1	95	17.4	0.0	WNW	0.00	1.6	WNW	18.2	18.9	18.9	---	1016.7	0.00	0.0	0	0.00	0	0.001	0.000	25.9	57	16.8	26.3	10.20	1.1626	0.00	68	1	59.6	5
01/09/22	4:30	18.2	18.2	18.2	95	17.4	1.6	WNW	0.13	3.2	WNW	18.2	19.0	19.0	---	1016.7	0.00	0.0	0	0.00	0	0.000	0.000	25.9	57	16.8	26.3	10.20	1.1626	0.00	61	1	53.5	5
01/09/22	4:35	18.2	18.2	18.2	95	17.4	1.6	WNW	0.13	3.2	WNW	18.2	19.0	19.0	---	1016.6	0.00	0.0	0	0.00	0	0.000	0.000	25.9	57	16.8	26.3	10.20	1.1625	0.00	60	1	52.6	5
01/09/22	4:40	18.3	18.3	18.2	96	17.6	1.6	WNW	0.13	3.2	WNW	18.3	19.1	19.1	---	1016.7	0.00	0.0	0	0.00	0	0.000	0.000	25.9	58	17.0	26.3	10.41	1.1625	0.00	67	1	58.8	5
01/09/22	4:45	18.3	18.3	18.3	96	17.7	0.0	---	0.00	0.0	---	18.3	19.2	19.2	---	1016.7	0.00	0.0	0	0.00	0	0.000	0.000	25.9	58	17.0	26.3	10.40	1.1622	0.00	53	1	46.5	5
01/09/22	4:50	18.4	18.4	18.3	96	17.7	0.0	---	0.00	0.0	---	18.4	19.3	19.3	---	1016.6	0.00	0.0	0	0.00	0	0.000	0.000	25.9	58	17.0	26.3	10.40	1.1621	0.00	70	1	61.4	5
01/09/22	4:55	18.3	18.4	18.3	95	17.5	0.0	---	0.00	0.0	---	18.3	19.1	19.1	---	1016.6	0.00	0.0	0	0.00	0	0.000	0.000	25.9	58	17.0	26.3	10.40	1.1621	0.00	75	1	65.8	5
01/09/22	5:00	18.3	18.3	18.3	95	17.5	1.6	WNW	0.13	3.2	WNW	18.3	19.1	19.1	---	1016.7	0.00	0.0	0	0.00	0	0.000	0.000	25.9	58	17.0	26.3	10.40	1.1622	0.00	95	1	83.3	5
01/09/22	5:05	18.2	18.3	18.2	95	17.4	3.2	WNW	0.27	3.2	WNW	18.2	19.0	19.0	---	1016.7	0.00	0.0	0	0.00	0	0.000	0.000	25.9	58	17.0	26.3	10.40	1.1622	0.00	99	1	86.8	5
01/09/22	5:10	18.1	18.3	18.1	95	17.3	3.2	WNW	0.27	4.8	N	18.1	18.8	18.8	---	1016.7	0.00	0.0	0	0.00	0	0.001	0.000	25.9	58	17.0	26.3	10.40	1.1622	0.00	71	1	62.3	5
01/09/22	5:15	18.1	18.1	18.1	96	17.4	1.6	NNE	0.13	4.8	N	18.1	18.8	18.8	---	1016.7	0.00	0.0	0	0.00	0	0.001	0.000	25.9	58	17.0	26.3	10.40	1.1622	0.00	72	1	63.2	5
01/09/22	5:20	18.0	18.1	18.0	96	17.4	1.6	NNE	0.13	3.2	NNE	18.0	18.8	18.8	---	1016.7	0.00	0.0	0	0.00	0	0.001	0.000	25.9	58	17.0	26.3	10.40	1.1622	0.00	78	1	68.4	5
01/09/22	5:25	18.0	18.0	17.9	96	17.4	0.0	NNW	0.00	3.2	NNW	18.0	18.8	18.8	---	1016.8	0.00	0.0	0	0.00	0	0.001	0.000	25.9	58	17.0	26.3	10.41	1.1626	0.00	88	1	77.2	5
01/09/22	5:30	18.0	18.0	17.9	96	17.4	0.0	NNW	0.00	3.2	NNW	18.0	18.8	18.8	---	1016.8	0.00	0.0	0	0.00	0	0.001	0.000	25.9	58	17.0	26.3	10.41	1.1626	0.00	94	1	82.5	5
01/09/22	5:35	18.0	18.1	17.9	96	17.4	0.0	NNW	0.00	3.2	NNW	18.0	18.8	18.8	---	1016.7	0.00	0.0	0	0.00	0	0.001	0.000	25.9	58	17.0	26.3	10.41	1.1625	0.00	89	1	78.1	5
01/09/22	5:40	17.9	18.1	17.9	96	17.3	1.6	NNW	0.13	3.2	NNW	17.9	18.7	18.7	---	1016.7	0.00	0.0	0	0.00	0	0.001	0.000	25.9	58	17.0	26.3	10.41	1.1625	0.00	71	1	62.3	5
01/09/22	5:45	17.9	17.9	17.9	96	17.3	0.0	NNW	0.00	3.2	NNW	17.9	18.7	18.7	---	1016.7	0.00	0.0	0	0.00	0	0.001	0.000	25.9	58	17.0	26.3	10.41	1.1625	0.00	71	1	62.3	5
01/09/22	5:50	17.9	17.9	17.9	96	17.3	0.0	NNW	0.00	3.2	NNW	17.9	18.7	18.7	---	1016.6	0.00	0.0	0	0.00	0	0.001	0.000	25.8	58	16.9	26.2	10.41	1.1627	0.00	81	1	71.1	5
01/09/22	5:55	17.9	18.0	17.9	96	17.3	0.0	NNW	0.00	3.2	NNW	17.9	18.7	18.7	---	1016.6	0.00	0.0	0	0.00	0	0.001	0.000	25.9	58	17.0	26.3	10.41	1.1624	0.00	79	1	69.3	5
01/09/22	6:00	18.0	18.0	17.9	96	17.4	1.6	NNW	0.13	3.2	NNW	18.0	18.8	18.8	---	1016.5	0.00	0.0	0	0.00	0	0.001	0.000	25.9	58	17.0	26.3	10.41	1.1623	0.00	75	1	65.8	5
01/09/22	6:05	17.9	17.9	17.9	96	17.3	0.0	NNW	0.00	1.6	NNW	17.9	18.7	18.7	---	1016.5	0.00	0.0	0	0.00	0	0.001	0.000	25.8	58	16.9	26.2	10.41	1.1625	0.00	79	1	69.3	5
01/09/22	6:10	17.9	17.9	17.9	96	17.3	1.6	NNW	0.13	3.2	NNW	17.9	18.7	18.7	---	1016.4	0.00	0.0	0	0.00	0	0.001	0.000	25.8	58	16.9	26.2	10.41	1.1624	0.00	74	1	64.9	5
01/09/22	6:15	18.0	18.0	17.9	96	17.4	0.0	---	0.00	0.0	---	18.0	18.8	18.8	---	1016.4	0.00	0.0	0	0.00	0	0.001	0.000	25.8	58	16.9	26.2	10.41	1.1624	0.00	80	1	70.2	5
01/09/22	6:20	17.9	18.0	17.9	96	17.3	0.0	NNW	0.00	1.6	NNW	17.9	18.7	18.7	---	1016.5	0.00	0.0	0	0.00	0	0.001	0.000	25.9	58	17.0	26.3	10.41	1.1622	0.00	77	1	67.5	5
01/09/22	6:25	17.9	17.9	17.9	96	17.3	1.6	NNW	0.13	4.8	NNW	17.9	18.7	18.7	---	1016.4	0.00	0.0	0	0.00	0	0.001	0.000	25.8	58	16.9	26.2	10.41	1.1624	0.00	62	1	54.4	5
01/09/22	6:30	17.9	17.9	17.9	96	17.2	1.6	NNW	0.13	4.8	WNW	17.9	18.7	18.7	---	1016.4	0.00	0.0	0	0.00	0	0.002	0.000	25.8	58	16.9	26.2	10.41	1.1625	0.00	70	1	61.4	5
01/09/22	6:35	17.8	17.9	17.8	96	17.2	3.2	WNW	0.27	4.8	WNW	17.8	18.6	18.6	---	1016.4	0.00	0.0	0	0.00	0	0.002	0.000	25.8	58	16.9	26.2	10.41	1.1625	0.00	71	1	62.3	5
01/09/22	6:40	17.8	17.8	17.8	96	17.2	1.6	NW	0.13	4.8	NW	17.8	18.6	18.6	---	1016.5	0.00	0.0	0	0.00	0	0.002	0.000	25.8	58	16.9	26.2	10.41	1.1625	0.00	67	1	58.8	5
01/09/22	6:45	17.8	17.8	17.8	96	17.2	3.2	NW	0.27	6.4	NW	17.8	18.6	18.6	---	1016.4	0.00	0.0	0	0.00	0	0.002	0.000	25.8	58	16.9	26.2	10.41	1.1624	0.00	54	1	47.4	5
01/09/22	6:50	17.8	17.8	17.8	96	17.1	1.6	NW	0.13	4.8	NW	17.8	18.5	18.5	---	1016.3	0.00	0.0	0	0.00	0	0.002	0.000	25.8	58	16.9	26.1	10.41	1.1626	0.00	53	1	46.5	5
01/09/22	6:55	17.7	17.8	17.7	96	17.1	1.6	NW	0.13	3.2	NW	17.7	18.4	18.4	---	1016.3	0.00	0.0	0	0.00	0	0.002	0.000	25.8	58	16.9	26.1	10.41	1.1626	0.00	69	1	60.5	5
01/09/22	7:00	17.8	17.8	17.7	96	17.1	0.0	NW	0.00	1.6	NW	17.8	18.5	18.5	---	1016.2	0.00	0.0	0	0.00	0	0.002	0.000	25.8	58	16.9	26.2	10.41	1.1622	0.00	90	1	78.9	5
01/09/22	7:05	17.8	17.8	17.7	96	17.1	0.0	---	0.00	0.0	---	17.8	18.5	18.5	---	1016.3	0.00	0.0	0	0.00	0	0.002	0.000	25.8	58	16.9	26.2	10.41	1.1623	0.00	90	1	78.9	5
01/09/22	7:10	17.8	17.8	17.8	96	17.2	0.0	NW	0.00	1.6	NW	17.8	18.6	18.6	---	1016.2	0.00	0.0	0	0.00	0	0.002	0.000	25.8	58	16.9	26.1	10.41	1.1625	0.00	87	1	76.3	5
01/09/22	7:15	17.8	17.9	17.8	96	17.2	1.6	NW	0.13	3.2	NW	17.8	18.6	18.6	---	1016.3	0.00	0.0	0	0.00	0	0.002	0.000	25.8	58	16.9	26.1	10.41	1.1626	0.00	83	1	72.8	5
01/09/22	7:20	17.8	17.9	17.8	96	17.2	3.2	WNW	0.27	4.8	WNW	17.8	18.6	18.6	---	1016.3	0.00	0.0	0	0.00	0	0.002	0.000	25.7	58	16.8	26.1	10.42	1.1629	0.00	82	1	71.9	5
01/09/22	7:25	17.9	17.9	17.8	96	17.2	0.0	WNW	0.00	3.2	WNW	17.9	18.7	18.7	---	1016.3	0.00	0.0	0	0.00	0	0.002	0.000	25.8	58	16.9	26.1	10.41	1.1626	0.00	95	1	83.3	5
01/09/22	7:30	17.9	17.9	17.8	96	17.3	1.6	WNW	0.13	3.2	WNW	17.9	18.7	18.7	---	1016.3	0.00	0.0	4	0.03	5	0.001	0.000	25.8	58	16.9	26.1	10.41	1.1626	0.00	80	1	70.2	5
01/09/22	7:35	17.9	17.9	17.9	96	17.3	1.6	WNW	0.13	3.2	WNW	17.9	18.7	18.7	---	1016.4	0.00	0.0	6	0.04	7	0.001	0.000	25.7	58	16.8	26.1	10.42	1.1630	0.00	76	1	66.7	5
01/09/22	7:40	17.9	17.9	17.9	96	17.3	0.0	WNW	0.00	1.6	WNW	17.9	18.7	18.7	---	1016.4	0.00	0.0	9	0.06	11	0.001	0.000	25.7	58	16.8	26.1	10.42	1.1630	0.00	81	1	71.1	5
01/09/22	7:45	17.9	17.9	17.9	96	17.2	1.6	WNW	0.13	3.2	WNW	17.9	18.7	18.7	---	1016.4	0.00	0.0	12	0.09	12	0.002	0.000	25.7	59	17.1	26.1	10.62	1.1626	0.00	87	1	76.3	5
01/09/22	7:50	17.9	17.9	17.9	96	17.3	0.0	WNW	0.00	1.6	WNW	17.9	18.7	18.7	---	1016.4	0.00	0.0	12	0.09	14	0.001	0.000	25.7	59	17.1	26.1	10.62	1.1626	0.00	108	1	94.7	5
01/09/22	7:55	17.9	17.9	17.9	96	17.3	0.0	---	0.00	0.0	---	17.9	18.7	18.7	---	1016.5	0.00	0.0	14	0.10	16	0.001	0.000	25.7	59	17.1	26.1	10.62	1.1627	0.00	114	1	100.0	5
01/09/22	8:00	17.9	17.9	17.9	96	17.2	1.6	WNW	0.13	3.2	WNW	17.9	18.7	18.7	---	1016.5	0.00	0.0	17	0.12	18	0.002	0.000	25.7	59	17.1	26.1	10.62	1.1627	0.00	114	1	100.0	5
01/09/22	8:05	17.9	17.9	17.9	96	17.3	0.0	WNW	0.00	1.6	WNW	17.9	18.7	18.7	---	1016.3	0.00	0.0	18	0.13	19	0.001	0.000	25.7	59	17.1	26.1	10.62	1.1625	0.00	112	1	98.2	5
01/09/22	8:10	17.9	17.9	17.9	96	17.3	0.0	WNW	0.00	1.6	WNW	17.9	18.7	18.7	---	1016.5	0.00	0.0	20	0.14	23	0.001	0.000	25.7	59	17.1	26.1	10.62	1.1627	0.00	113	1	99.1	5
01/09/22	8:15	18.1	18.1	17.9	97	17.6	0.0	WNW	0.00	1.6	WNW	18.1	18.9	18.9	---	1016.6	0.00	0.0	23	0.16	23	0.001	0.000	25.7	59	17.1	26.1	10.62	1.1629	0.00	116	1	100.0	5
01/09/22	8:20	18.1	18.1	18.0	97	17.6	0.0	WNW	0.00	1.6	WNW	18.1	19.0	19.0	---	1016.5	0.00	0.0	20	0.14	21	0.001	0.000	25.7	59	17.1	26.1	10.62	1.1627	0.00	114	1	100.0	5
01/09/22	8:25	18.1	18.1	18.1	97	17.6	1.6	WNW	0.13	1.6	WNW	18.1	19.0	19.0	---	1016.6	0.00	0.0	23	0.16	25	0.001	0.000	25.7	59	17.1	26.1	10.62	1.1628	0.00	114	1	100.0	5
01/09/22	8:30	18.2	18.2	18.1	97	17.7	0.0	WNW	0.00	1.6	WNW	18.2	19.1	19.1	---	1016.5	0.00	0.0	28	0.20	32	0.001	0.000	25.7	59	17.1	26.1	10.62	1.1628	0.00	113	1	99.1	5
01/09/22	8:35	18.1	18.2	18.1	96	17.5	0.0	WNW	0.00	1.6	WNW	18.1	18.9	18.9	---	1016.5	0.00	0.0	40	0.29	47	0.001	0.000	25.7	59	17.1	26.1	10.62	1.1627	0.00	114	1	100.0	5
01/09/22	8:40	18.1	18.2	18.1	96	17.5	1.6	WNW	0.13	3.2	WNW	18.1	18.9	18.9	---	1016.5	0.00	0.0	49	0.35	51	0.001	0.000	25.7	59	17.1	26.1	10.62	1.1628	0.00	117	1	100.0	5
01/09/22	8:45	18.2	18.2	18.1	96	17.5	1.6	WNW	0.13	3.2	WNW	18.2	19.0	19.0	---	1016.6	0.00	0.0	48	0.34	49	0.001	0.000	25.7	59	17.1	26.1	10.62	1.1629	0.00	115	1	100.0	5
01/09/22	8:50	18.2	18.2	18.2	96	17.5	0.0	WNW	0.00	1.6	WNW	18.2	19.0	19.0	---	1016.6	0.00	0.0	51	0.37	53	0.001	0.000	25.7	60	17.3	26.1	10.82	1.1628	0.00	116	1	100.0	5
01/09/22	8:55	18.2	18.2	18.2	96	17.6	1.6	WNW	0.13	3.2	WNW	18.2	19.1	19.1	---	1016.6	0.00	0.0	52	0.37	62	0.000	0.000	25.5	61	17.4	25.9	10.99	1.1633	0.00	113	1	99.1	5
01/09/22	9:00	18.2	18.2	18.2	96	17.6	1.6	WNW	0.13	3.2	WNW	18.2	19.1	19.1	---	1016.8	0.00	0.0	59	0.42	65	0.000	0.000	25.2	62	17.4	25.6	11.20	1.1649	0.03	114	1	100.0	5
01/09/22	9:05	18.2	18.2	18.2	96	17.6	1.6	WNW	0.13	3.2	WNW	18.2	19.1	19.1	---	1016.7	0.00	0.0	73	0.52	77	0.000	0.000	24.9	62	17.2	25.3	11.21	1.1659	0.00	117	1	100.0	5
01/09/22	9:10	18.3	18.3	18.2	96	17.7	1.6	WNW	0.13	3.2	WNW	18.3	19.2	19.2	---	1016.7	0.00	0.0	96	0.69	123	0.000	0.000	24.8	63	17.3	25.2	11.42	1.1665	0.00	117	1	100.0	5
01/09/22	9:15	18.3	18.4	18.3	96	17.7	1.6	WNW	0.13	3.2	WNW	18.3	19.2	19.2	---	1016.8	0.00	0.0	77	0.55	88	0.000	0.000	24.7	63	17.2	25.2	11.42	1.1669	0.00	117	1	100.0	5
01/09/22	9:20	18.4	18.4	18.3	96	17.7	0.0	WNW	0.00	1.6	WNW	18.4	19.3	19.3	---	1016.8	0.00	0.0	69	0.49	69	0.000	0.000	24.7	63	17.2	25.1	11.42	1.1672	0.00	115	1	100.0	5
01/09/22	9:25	18.4	18.4	18.4	96	17.8	1.6	WNW	0.13	3.2	WNW	18.4	19.3	19.3	---	1016.9	0.00	0.0	69	0.49	69	0.000	0.000	24.6	63	17.0	25.0	11.43	1.1679	0.00	113	1	99.1	5
01/09/22	9:30	18.5	18.5	18.4	96	17.9	1.6	WNW	0.13	3.2	WNW	18.5	19.4	19.4	---	1017.0	0.00	0.0	69	0.49	69	0.000	0.001	24.5	64	17.2	24.9	11.63	1.1679	0.00	35	1	30.7	5
01/09/22	9:35	---	---	---	96	---	0.0	---	0.00	0.0	---	---	---	---	---	1016.8	0.00	0.0	69	0.49	69	---	---	24.6	65	17.5	25.1	11.83	1.1670	0.00	0	1	0.0	5
01/09/22	9:40	---	---	---	---	---	0.0	---	0.00	0.0	---	---	---	---	---	1016.9	0.00	0.0	---	---	---	---	---	24.6	65	17.5	25.1	11.83	1.1672	0.00	0	1	0.0	5
01/09/22	9:45	---	---	---	---	---	0.0	---	0.00	0.0	---	---	---	---	---	1016.9	0.00	0.0	---	---	---	---	---	24.2	66	17.5	24.8	12.04	1.1685	0.00	0	1	0.0	5
01/09/22	9:50	---	---	---	---	---	0.0	---	0.00	0.0	---	---	---	---	---	1016.8	0.00	0.0	---	---	---	---	---	24.2	65	17.2	24.7	11.84	1.1688	0.00	0	1	0.0	5
01/09/22	9:55	18.6	18.6	18.6	95	17.7	1.6	NNE	0.13	1.6	NNE	18.6	19.4	19.4	---	1016.9	0.00	0.0	90	0.65	93	0.000	0.001	24.1	65	17.1	24.5	11.84	1.1698	0.00	60	1	52.6	5
01/09/22	10:00	18.6	18.7	18.6	95	17.8	0.0	NNE	0.00	1.6	NNE	18.6	19.4	19.4	---	1016.7	0.00	0.0	102	0.73	113	0.000	0.001	23.9	65	17.0	24.4	11.85	1.1702	0.05	118	1	100.0	5
01/09/22	10:05	18.8	18.8	18.6	95	18.0	1.6	NNE	0.13	3.2	NNE	18.8	19.7	19.7	---	1016.8	0.00	0.0	115	0.82	118	0.000	0.002	23.9	65	16.9	24.3	11.85	1.1706	0.00	117	1	100.0	5
01/09/22	10:10	18.8	18.8	18.8	94	17.8	3.2	E	0.27	6.4	ENE	18.8	19.6	19.6	---	1016.8	0.00	0.0	136	0.97	163	0.000	0.002	23.8	65	16.9	24.3	11.85	1.1708	0.00	117	1	100.0	5
01/09/22	10:15	19.0	19.0	18.8	93	17.8	1.6	E	0.13	4.8	ENE	19.0	19.8	19.8	---	1016.8	0.00	0.0	276	1.98	352	0.000	0.002	23.7	66	17.0	24.2	12.06	1.1711	0.00	115	1	100.0	5
01/09/22	10:20	19.3	19.3	19.1	92	18.0	3.2	E	0.27	6.4	E	19.3	20.2	20.2	---	1016.8	0.00	0.0	329	2.36	353	0.000	0.003	23.7	66	16.9	24.2	12.06	1.1714	0.00	114	1	100.0	5
01/09/22	10:25	19.6	19.6	19.3	90	17.9	3.2	ENE	0.27	4.8	E	19.6	20.4	20.4	---	1016.9	0.00	0.0	425	3.05	455	0.000	0.004	23.6	65	16.6	24.1	11.85	1.1721	0.00	117	1	100.0	5
01/09/22	10:30	19.7	19.7	19.6	90	18.0	1.6	E	0.13	4.8	E	19.7	20.7	20.7	---	1016.8	0.00	0.0	203	1.46	236	0.000	0.005	23.6	65	16.6	24.0	11.85	1.1723	0.00	111	1	97.4	5
01/09/22	10:35	19.8	19.8	19.7	89	18.0	1.6	E	0.13	4.8	E	19.8	20.8	20.8	---	1016.8	0.00	0.0	214	1.53	232	0.000	0.005	23.6	65	16.6	24.0	11.85	1.1724	0.00	115	1	100.0	5
01/09/22	10:40	19.9	20.0	19.8	88	17.9	0.0	ENE	0.00	3.2	E	19.9	20.8	20.8	---	1016.7	0.00	0.0	235	1.68	265	0.000	0.006	23.6	65	16.6	24.1	11.85	1.1719	0.00	117	1	100.0	5
01/09/22	10:45	20.2	20.2	20.0	87	17.9	0.0	ENE	0.00	1.6	ENE	20.2	21.1	21.1	---	1016.6	0.00	0.0	251	1.80	341	0.000	0.006	23.7	65	16.7	24.1	11.85	1.1715	0.00	113	1	99.1	5
01/09/22	10:50	20.3	20.3	20.2	88	18.2	0.0	ENE	0.00	3.2	NNE	20.3	21.3	21.3	---	1016.6	0.00	0.0	256	1.83	330	0.000	0.007	23.7	66	17.0	24.2	12.06	1.1709	0.00	115	1	100.0	5
01/09/22	10:55	20.4	20.4	20.3	87	18.2	0.0	N	0.00	1.6	N	20.4	21.4	21.4	---	1016.6	0.00	0.0	246	1.76	264	0.000	0.007	23.7	66	17.0	24.2	12.06	1.1709	0.00	116	1	100.0	5
01/09/22	11:00	20.5	20.5	20.4	86	18.1	0.0	N	0.00	1.6	N	20.5	21.5	21.5	---	1016.6	0.00	0.0	221	1.58	230	0.000	0.008	23.8	65	16.9	24.3	11.85	1.1707	0.15	118	1	100.0	5
01/09/22	11:05	20.4	20.6	20.4	86	18.0	1.6	N	0.13	3.2	N	20.4	21.4	21.4	---	1016.6	0.00	0.0	199	1.43	202	0.000	0.007	23.8	66	17.1	24.3	12.05	1.1703	0.00	117	1	100.0	5
01/09/22	11:10	20.5	20.5	20.4	85	17.9	0.0	N	0.00	1.6	N	20.5	21.5	21.5	---	1016.7	0.00	0.0	210	1.51	218	0.000	0.008	23.9	66	17.1	24.4	12.05	1.1701	0.00	115	1	100.0	5
01/09/22	11:15	20.6	20.6	20.4	85	17.9	0.0	N	0.00	1.6	N	20.6	21.6	21.6	---	1016.7	0.00	0.0	238	1.71	257	0.000	0.008	23.9	65	16.9	24.3	11.85	1.1704	0.00	115	1	100.0	5
01/09/22	11:20	20.8	20.8	20.6	85	18.2	0.0	N	0.00	1.6	N	20.8	21.8	21.8	---	1016.7	0.00	0.0	256	1.83	269	0.000	0.009	24.0	65	17.0	24.4	11.85	1.1699	0.00	117	1	100.0	5
01/09/22	11:25	21.0	21.0	20.8	83	18.0	0.0	W	0.00	3.2	WNW	21.0	21.9	21.9	---	1016.8	0.00	0.0	206	1.48	229	0.000	0.009	24.0	65	17.0	24.4	11.85	1.1699	0.00	116	1	100.0	5
01/09/22	11:30	21.1	21.1	21.0	82	17.9	1.6	SSE	0.13	3.2	SSE	21.1	21.9	21.9	---	1016.7	0.00	0.0	191	1.37	195	0.000	0.010	24.1	65	17.1	24.5	11.84	1.1695	0.00	114	1	100.0	5
01/09/22	11:35	21.2	21.2	21.1	80	17.6	0.0	SSE	0.00	3.2	SSE	21.2	21.9	21.9	---	1016.7	0.00	0.0	174	1.25	185	0.000	0.010	24.1	65	17.1	24.6	11.84	1.1693	0.00	116	1	100.0	5
01/09/22	11:40	21.3	21.3	21.2	82	18.1	0.0	SSE	0.00	3.2	SSE	21.3	22.2	22.2	---	1016.7	0.00	0.0	142	1.02	151	0.000	0.010	24.2	65	17.2	24.7	11.84	1.1690	0.00	115	1	100.0	5
01/09/22	11:45	21.4	21.4	21.3	83	18.4	0.0	SSE	0.00	1.6	SSE	21.4	22.3	22.3	---	1016.7	0.00	0.0	147	1.05	162	0.000	0.011	24.2	65	17.2	24.7	11.84	1.1687	0.00	116	1	100.0	5
01/09/22	11:50	21.3	21.4	21.3	81	17.9	0.0	SSE	0.00	3.2	SSE	21.3	22.1	22.1	---	1016.8	0.00	0.0	219	1.57	309	0.000	0.010	24.3	65	17.3	24.8	11.84	1.1685	0.00	116	1	100.0	5
01/09/22	11:55	21.4	21.4	21.3	80	17.8	0.0	SSE	0.00	3.2	SSE	21.4	22.2	22.2	---	1016.8	0.00	0.0	245	1.76	272	0.000	0.011	24.3	65	17.3	24.8	11.84	1.1685	0.00	99	1	86.8	5
01/09/22	12:00	21.4	21.4	21.4	80	17.8	1.6	SSE	0.13	1.6	SSE	21.4	22.2	22.2	---	1016.8	0.00	0.0	315	2.26	315	0.000	0.011	24.3	65	17.3	24.8	11.83	1.1682	0.15	35	1	30.7	5
01/09/22	12:05	21.6	21.6	21.4	80	18.0	1.6	SE	0.13	3.2	SSE	21.6	22.4	22.4	---	1016.7	0.00	0.0	256	1.83	262	0.000	0.011	24.4	65	17.4	24.9	11.83	1.1678	0.00	53	1	46.5	5
01/09/22	12:10	---	---	---	80	---	1.6	SSW	0.13	1.6	SSW	---	---	---	---	1016.6	0.00	0.0	236	1.69	236	---	---	24.9	63	17.4	25.3	11.41	1.1658	0.00	1	1	0.9	5
01/09/22	12:15	---	---	---	80	---	0.0	---	0.00	0.0	---	---	---	---	---	1016.5	0.00	0.0	236	1.69	236	---	---	25.3	62	17.5	25.8	11.20	1.1636	0.00	0	1	0.0	5
01/09/22	12:20	21.8	21.8	21.7	81	18.4	1.6	WSW	0.13	3.2	WSW	21.8	22.7	22.7	---	1016.5	0.00	0.0	142	1.02	148	0.000	0.012	25.6	62	17.7	26.1	11.19	1.1625	0.00	97	1	85.1	5
01/09/22	12:25	21.8	21.8	21.7	81	18.4	0.0	ESE	0.00	3.2	ESE	21.8	22.7	22.7	---	1016.6	0.00	0.0	145	1.04	155	0.000	0.012	25.4	63	17.9	26.0	11.39	1.1628	0.00	117	1	100.0	5
01/09/22	12:30	21.9	21.9	21.8	81	18.5	0.0	ESE	0.00	1.6	ESE	21.9	22.8	22.8	---	1016.4	0.00	0.0	169	1.21	174	0.000	0.013	25.7	62	17.8	26.2	11.19	1.1618	0.00	112	1	98.2	5
01/09/22	12:35	22.0	22.0	21.9	80	18.4	0.0	ESE	0.00	1.6	ESE	22.0	22.8	22.8	---	1016.5	0.00	0.0	164	1.18	176	0.000	0.013	25.8	62	18.0	26.4	11.18	1.1610	0.00	113	1	99.1	5
01/09/22	12:40	22.1	22.1	22.0	80	18.4	0.0	ESE	0.00	1.6	ESE	22.1	22.9	22.9	---	1016.5	0.00	0.0	213	1.53	223	0.000	0.013	26.0	62	18.2	26.7	11.17	1.1602	0.00	117	1	100.0	5
01/09/22	12:45	22.2	22.2	22.1	81	18.8	0.0	ESE	0.00	3.2	E	22.2	23.1	23.1	---	1016.4	0.00	0.0	245	1.76	281	0.000	0.013	26.1	62	18.2	26.7	11.17	1.1597	0.00	117	1	100.0	5
01/09/22	12:50	22.4	22.4	22.2	81	19.0	1.6	NW	0.13	3.2	NE	22.4	23.3	23.3	---	1016.5	0.00	0.0	359	2.57	362	0.000	0.014	25.9	62	18.0	26.5	11.18	1.1607	0.00	117	1	100.0	5
01/09/22	12:55	22.4	22.4	22.3	80	18.8	0.0	N	0.00	1.6	N	22.4	23.3	23.3	---	1016.4	0.00	0.0	437	3.13	520	0.000	0.014	25.8	62	18.0	26.4	11.18	1.1609	0.00	116	1	100.0	5
01/09/22	13:00	22.7	22.7	22.4	80	19.0	1.6	E	0.13	4.8	E	22.7	23.6	23.6	---	1016.4	0.00	0.0	364	2.61	369	0.000	0.015	25.9	62	18.1	26.6	11.18	1.1603	0.18	113	1	99.1	5
01/09/22	13:05	22.7	22.8	22.7	78	18.6	3.2	W	0.27	6.4	W	22.7	23.5	23.5	---	1016.5	0.00	0.0	307	2.20	346	0.000	0.015	25.8	62	17.9	26.4	11.18	1.1613	0.00	116	1	100.0	5
01/09/22	13:10	22.4	22.6	22.3	80	18.8	3.2	W	0.27	6.4	W	22.4	23.3	23.3	---	1016.4	0.00	0.0	229	1.64	258	0.000	0.014	25.7	62	17.8	26.2	11.19	1.1618	0.00	117	1	100.0	5
01/09/22	13:15	22.2	22.4	22.2	80	18.6	3.2	NW	0.27	6.4	NW	22.2	23.1	23.1	---	1016.4	0.00	0.0	197	1.41	200	0.000	0.014	25.7	62	17.9	26.3	11.18	1.1615	0.00	116	1	100.0	5
01/09/22	13:20	22.1	22.2	22.1	79	18.3	1.6	N	0.13	4.8	NNE	22.1	22.9	22.9	---	1016.4	0.00	0.0	199	1.43	206	0.000	0.013	25.7	62	17.9	26.3	11.18	1.1614	0.00	116	1	100.0	5
01/09/22	13:25	22.2	22.2	22.1	81	18.8	0.0	NNE	0.00	3.2	NNE	22.2	23.1	23.1	---	1016.3	0.00	0.0	196	1.40	204	0.000	0.013	25.6	62	17.8	26.2	11.19	1.1620	0.00	115	1	100.0	5
01/09/22	13:30	22.3	22.3	22.2	80	18.7	1.6	NNE	0.13	3.2	NNE	22.3	23.2	23.2	---	1016.4	0.00	0.0	230	1.65	276	0.000	0.014	25.5	62	17.7	26.0	11.19	1.1626	0.00	112	1	98.2	5
01/09/22	13:35	22.6	22.6	22.3	80	18.9	0.0	NNE	0.00	3.2	NNE	22.6	23.4	23.4	---	1016.2	0.00	0.0	389	2.79	559	0.000	0.015	25.4	62	17.6	25.9	11.19	1.1627	0.00	113	1	99.1	5
01/09/22	13:40	22.6	22.6	22.6	80	19.0	1.6	E	0.13	3.2	E	22.6	23.5	23.5	---	1016.3	0.00	0.0	559	4.01	559	0.000	0.015	25.7	63	18.1	26.4	11.38	1.1610	0.00	9	1	7.9	5
01/09/22	13:45	---	---	---	80	---	0.0	---	0.00	0.0	---	---	---	---	---	1016.2	0.00	0.0	559	4.01	559	---	---	26.2	61	18.1	26.8	10.97	1.1590	0.00	0	1	0.0	5
01/09/22	13:50	---	---	---	---	---	0.0	---	0.00	0.0	---	---	---	---	---	1016.2	0.00	0.0	---	---	---	---	---	26.2	61	18.1	26.8	10.97	1.1593	0.00	0	1	0.0	5
01/09/22	13:55	---	---	---	---	---	0.0	---	0.00	0.0	---	---	---	---	---	1016.3	0.00	0.0	---	---	---	---	---	25.9	62	18.0	26.5	11.18	1.1604	0.00	0	1	0.0	5
01/09/22	14:00	---	---	---	---	---	0.0	---	0.00	0.0	---	---	---	---	---	1016.2	0.00	0.0	---	---	---	---	---	25.8	62	18.0	26.4	11.18	1.1607	0.00	0	1	0.0	5
01/09/22	14:05	23.1	23.1	23.1	74	18.2	3.2	NE	0.27	4.8	NE	23.1	23.8	23.8	---	1016.2	0.00	0.0	384	2.75	420	0.000	0.016	25.9	61	17.8	26.5	10.98	1.1604	0.00	89	1	78.1	5
01/09/22	14:10	23.2	23.2	23.1	75	18.5	0.0	NE	0.00	3.2	NE	23.2	24.1	24.1	---	1016.2	0.00	0.0	273	1.96	308	0.000	0.017	25.8	61	17.7	26.3	10.98	1.1614	0.00	117	1	100.0	5
01/09/22	14:15	23.4	23.4	23.2	75	18.7	0.0	NE	0.00	3.2	NE	23.4	24.2	24.2	---	1016.2	0.00	0.0	238	1.71	243	0.000	0.018	25.7	61	17.6	26.2	10.99	1.1619	0.00	116	1	100.0	5
01/09/22	14:20	23.4	23.4	23.4	73	18.3	0.0	NE	0.00	3.2	NE	23.4	24.2	24.2	---	1016.2	0.00	0.0	202	1.45	229	0.000	0.018	25.6	61	17.5	26.0	10.99	1.1625	0.00	114	1	100.0	5
01/09/22	14:25	23.6	23.6	23.4	72	18.2	1.6	NNE	0.13	3.2	NNW	23.6	24.3	24.3	---	1016.2	0.00	0.0	180	1.29	192	0.000	0.018	25.5	61	17.4	25.9	10.99	1.1628	0.00	117	1	100.0	5
01/09/22	14:30	23.7	23.7	23.6	70	17.9	1.6	SSE	0.13	4.8	SSE	23.7	24.4	24.4	---	1016.2	0.00	0.0	276	1.98	362	0.000	0.019	25.4	61	17.4	25.9	10.99	1.1631	0.00	115	1	100.0	5
01/09/22	14:35	24.0	24.0	23.7	70	18.2	1.6	S	0.13	4.8	S	24.0	24.7	24.7	---	1016.2	0.00	0.0	378	2.71	401	0.000	0.020	25.4	61	17.3	25.8	11.00	1.1634	0.00	116	1	100.0	5
01/09/22	14:40	24.1	24.1	23.9	69	18.0	1.6	SSW	0.13	4.8	S	24.1	24.7	24.7	---	1016.2	0.00	0.0	292	2.09	325	0.000	0.020	25.3	61	17.3	25.7	11.00	1.1636	0.00	117	1	100.0	5
01/09/22	14:45	24.2	24.2	24.1	69	18.1	0.0	SSW	0.00	3.2	SSW	24.2	24.9	24.9	---	1016.2	0.00	0.0	255	1.83	269	0.000	0.020	25.4	60	17.1	25.7	10.84	1.1638	0.00	113	1	99.1	5
01/09/22	14:50	24.2	24.2	24.2	70	18.4	1.6	ESE	0.13	4.8	ESE	24.2	25.0	25.0	---	1016.3	0.00	0.0	252	1.81	258	0.000	0.020	25.4	60	17.1	25.8	10.84	1.1635	0.00	115	1	100.0	5
01/09/22	14:55	24.3	24.3	24.2	70	18.5	1.6	SE	0.13	4.8	ESE	24.3	25.1	25.1	---	1016.1	0.00	0.0	305	2.19	417	0.000	0.021	25.4	60	17.1	25.8	10.84	1.1634	0.00	116	1	100.0	5
01/09/22	15:00	24.2	24.3	24.2	70	18.4	1.6	E	0.13	4.8	NE	24.2	25.0	25.0	---	1016.1	0.00	0.0	316	2.26	346	0.000	0.020	25.4	60	17.1	25.8	10.84	1.1633	0.20	117	1	100.0	5
01/09/22	15:05	24.3	24.3	24.2	69	18.3	1.6	SE	0.13	6.4	SW	24.3	25.1	25.1	---	1016.1	0.00	0.0	318	2.28	327	0.000	0.021	25.4	60	17.1	25.8	10.84	1.1633	0.00	116	1	100.0	5
01/09/22	15:10	24.4	24.4	24.3	69	18.4	3.2	SE	0.27	4.8	ESE	24.4	25.2	25.2	---	1016.1	0.00	0.0	353	2.53	378	0.000	0.021	25.5	60	17.2	25.9	10.83	1.1630	0.00	116	1	100.0	5
01/09/22	15:15	24.4	24.4	24.4	69	18.4	1.6	SE	0.13	4.8	SSE	24.4	25.2	25.2	---	1016.0	0.00	0.0	371	2.66	410	0.000	0.021	25.6	60	17.2	25.9	10.83	1.1626	0.00	112	1	98.2	5
01/09/22	15:20	24.6	24.6	24.4	69	18.5	1.6	SW	0.13	9.7	ESE	24.6	25.4	25.4	---	1016.0	0.00	0.0	669	4.80	791	0.000	0.022	25.6	60	17.2	25.9	10.83	1.1626	0.00	116	1	100.0	5
01/09/22	15:25	24.9	24.9	24.7	67	18.3	1.6	SE	0.13	4.8	SE	24.9	25.6	25.6	---	1015.9	0.00	0.0	322	2.31	357	0.000	0.023	25.6	60	17.3	26.0	10.83	1.1623	0.00	114	1	100.0	5
01/09/22	15:30	24.9	24.9	24.9	66	18.2	1.6	E	0.13	4.8	E	24.9	25.6	25.6	---	1015.9	0.00	0.0	352	2.52	374	0.000	0.023	25.7	59	17.1	26.1	10.62	1.1623	0.00	65	1	57.0	5
01/09/22	15:35	---	---	---	66	---	0.0	---	0.00	0.0	---	---	---	---	---	1015.8	0.00	0.0	336	2.41	336	---	---	26.1	59	17.4	26.5	10.59	1.1602	0.00	0	1	0.0	5
01/09/22	15:40	---	---	---	---	---	0.0	---	0.00	0.0	---	---	---	---	---	1015.8	0.00	0.0	---	---	---	---	---	26.4	58	17.5	26.9	10.37	1.1588	0.00	0	1	0.0	5
01/09/22	15:45	---	---	---	---	---	0.0	---	0.00	0.0	---	---	---	---	---	1015.7	0.00	0.0	---	---	---	---	---	26.3	58	17.4	26.8	10.37	1.1590	0.00	0	1	0.0	5
01/09/22	15:50	---	---	---	---	---	0.0	---	0.00	0.0	---	---	---	---	---	1015.6	0.00	0.0	---	---	---	---	---	26.5	56	17.0	26.9	10.06	1.1588	0.00	0	1	0.0	5
01/09/22	15:55	---	---	---	---	---	0.0	---	0.00	0.0	---	---	---	---	---	1015.6	0.00	0.0	---	---	---	---	---	26.7	55	16.9	27.1	9.85	1.1584	0.00	0	1	0.0	5
01/09/22	16:00	---	---	---	---	---	0.0	---	0.00	0.0	---	---	---	---	---	1015.6	0.00	0.0	---	---	---	---	---	26.8	54	16.7	27.2	9.75	1.1579	0.00	0	1	0.0	5
01/09/22	16:05	---	---	---	---	---	0.0	---	0.00	0.0	---	---	---	---	---	1015.6	0.00	0.0	---	---	---	---	---	26.9	54	16.8	27.3	9.75	1.1574	0.00	0	1	0.0	5
01/09/22	16:10	---	---	---	---	---	0.0	---	0.00	0.0	---	---	---	---	---	1015.5	0.00	0.0	---	---	---	---	---	27.0	53	16.6	27.3	9.64	1.1573	0.00	0	1	0.0	5
01/09/22	16:15	---	---	---	---	---	0.0	---	0.00	0.0	---	---	---	---	---	1015.4	0.00	0.0	---	---	---	---	---	27.2	53	16.8	27.6	9.63	1.1564	0.00	0	1	0.0	5
01/09/22	16:20	---	---	---	---	---	0.0	---	0.00	0.0	---	---	---	---	---	1015.3	0.00	0.0	---	---	---	---	---	27.2	53	16.8	27.6	9.63	1.1559	0.00	0	1	0.0	5
01/09/22	16:25	---	---	---	---	---	0.0	---	0.00	0.0	---	---	---	---	---	1015.3	0.00	0.0	---	---	---	---	---	27.4	52	16.7	27.8	9.42	1.1552	0.00	0	1	0.0	5
01/09/22	16:30	---	---	---	---	---	0.0	---	0.00	0.0	---	---	---	---	---	1015.4	0.00	0.0	---	---	---	---	---	27.8	51	16.7	28.2	9.31	1.1541	0.00	0	1	0.0	5
01/09/22	16:35	---	---	---	---	---	0.0	---	0.00	0.0	---	---	---	---	---	1015.3	0.00	0.0	---	---	---	---	---	27.8	52	17.0	28.3	9.41	1.1536	0.00	0	1	0.0	5
01/09/22	16:40	---	---	---	---	---	0.0	---	0.00	0.0	---	---	---	---	---	1015.3	0.00	0.0	---	---	---	---	---	27.8	51	16.8	28.3	9.31	1.1537	0.00	0	1	0.0	5
01/09/22	16:45	---	---	---	---	---	0.0	---	0.00	0.0	---	---	---	---	---	1015.1	0.00	0.0	---	---	---	---	---	27.9	51	16.9	28.4	9.30	1.1529	0.00	0	1	0.0	5
01/09/22	16:50	---	---	---	---	---	0.0	---	0.00	0.0	---	---	---	---	---	1015.1	0.00	0.0	---	---	---	---	---	28.2	51	17.1	28.7	9.30	1.1517	0.00	0	1	0.0	5
01/09/22	16:55	---	---	---	---	---	0.0	---	0.00	0.0	---	---	---	---	---	1015.2	0.00	0.0	---	---	---	---	---	28.2	50	16.8	28.7	9.09	1.1520	0.00	0	1	0.0	5
01/09/22	17:00	---	---	---	---	---	0.0	---	0.00	0.0	---	---	---	---	---	1015.1	0.00	0.0	---	---	---	---	---	28.3	50	16.9	28.8	9.09	1.1513	0.00	0	1	0.0	5
01/09/22	17:05	---	---	---	---	---	0.0	---	0.00	0.0	---	---	---	---	---	1015.0	0.00	0.0	---	---	---	---	---	28.6	49	16.8	29.1	8.88	1.1503	0.00	0	1	0.0	5
01/09/22	17:10	---	---	---	---	---	0.0	---	0.00	0.0	---	---	---	---	---	1014.9	0.00	0.0	---	---	---	---	---	28.7	49	16.9	29.1	8.88	1.1499	0.00	0	1	0.0	5
01/09/22	17:15	---	---	---	---	---	0.0	---	0.00	0.0	---	---	---	---	---	1015.0	0.00	0.0	---	---	---	---	---	28.8	48	16.7	29.2	8.77	1.1496	0.00	0	1	0.0	5
01/09/22	17:20	---	---	---	---	---	0.0	---	0.00	0.0	---	---	---	---	---	1015.1	0.00	0.0	---	---	---	---	---	28.9	48	16.8	29.4	8.77	1.1491	0.00	0	1	0.0	5
01/09/22	17:25	---	---	---	---	---	0.0	---	0.00	0.0	---	---	---	---	---	1015.0	0.00	0.0	---	---	---	---	---	29.1	47	16.6	29.5	8.56	1.1486	0.00	0	1	0.0	5
01/09/22	17:30	---	---	---	---	---	0.0	---	0.00	0.0	---	---	---	---	---	1014.9	0.00	0.0	---	---	---	---	---	29.2	47	16.7	29.6	8.56	1.1483	0.00	0	1	0.0	5
01/09/22	17:35	---	---	---	---	---	0.0	---	0.00	0.0	---	---	---	---	---	1014.9	0.00	0.0	---	---	---	---	---	29.2	46	16.4	29.5	8.45	1.1484	0.00	0	1	0.0	5
01/09/22	17:40	---	---	---	---	---	0.0	---	0.00	0.0	---	---	---	---	---	1014.8	0.00	0.0	---	---	---	---	---	29.3	46	16.5	29.7	8.45	1.1478	0.00	0	1	0.0	5
01/09/22	17:45	---	---	---	---	---	0.0	---	0.00	0.0	---	---	---	---	---	1014.8	0.00	0.0	---	---	---	---	---	29.3	46	16.5	29.7	8.45	1.1478	0.00	0	1	0.0	5
01/09/22	17:50	---	---	---	---	---	0.0	---	0.00	0.0	---	---	---	---	---	1014.7	0.00	0.0	---	---	---	---	---	29.4	46	16.6	29.7	8.45	1.1473	0.00	0	1	0.0	5
01/09/22	17:55	---	---	---	---	---	0.0	---	0.00	0.0	---	---	---	---	---	1014.7	0.00	0.0	---	---	---	---	---	29.6	46	16.8	30.0	8.44	1.1462	0.00	0	1	0.0	5
01/09/22	18:00	---	---	---	---	---	0.0	---	0.00	0.0	---	---	---	---	---	1014.6	0.00	0.0	---	---	---	---	---	29.6	46	16.7	29.9	8.45	1.1463	0.00	0	1	0.0	5
01/09/22	18:05	---	---	---	---	---	0.0	---	0.00	0.0	---	---	---	---	---	1014.5	0.00	0.0	---	---	---	---	---	29.6	46	16.7	29.9	8.45	1.1463	0.00	0	1	0.0	5
01/09/22	18:10	---	---	---	---	---	0.0	---	0.00	0.0	---	---	---	---	---	1014.5	0.00	0.0	---	---	---	---	---	29.5	45	16.3	29.7	8.25	1.1470	0.00	0	1	0.0	5
01/09/22	18:15	---	---	---	---	---	0.0	---	0.00	0.0	---	---	---	---	---	1014.6	0.00	0.0	---	---	---	---	---	29.6	45	16.4	29.9	8.24	1.1465	0.00	0	1	0.0	5
01/09/22	18:20	---	---	---	---	---	0.0	---	0.00	0.0	---	---	---	---	---	1014.5	0.00	0.0	---	---	---	---	---	29.6	44	16.0	29.7	8.15	1.1472	0.00	0	1	0.0	5
01/09/22	18:25	---	---	---	---	---	0.0	---	0.00	0.0	---	---	---	---	---	1014.4	0.00	0.0	---	---	---	---	---	29.6	44	16.0	29.7	8.15	1.1471	0.00	0	1	0.0	5
01/09/22	18:30	25.7	25.7	25.6	57	16.6	0.0	SSW	0.00	1.6	SSW	25.7	26.0	26.0	---	1014.5	0.00	0.0	205	1.47	248	0.000	0.026	29.3	45	16.2	29.5	8.25	1.1478	0.00	88	1	77.2	5
01/09/22	18:35	25.7	25.7	25.7	57	16.6	0.0	SSW	0.00	3.2	WNW	25.7	26.0	26.0	---	1014.5	0.00	0.0	174	1.25	174	0.000	0.026	29.1	45	16.0	29.2	8.26	1.1490	0.00	15	1	13.2	5
01/09/22	18:40	25.9	25.9	25.8	57	16.7	1.6	SW	0.13	3.2	SW	25.9	26.2	26.2	---	1014.6	0.00	0.0	174	1.25	174	0.000	0.026	29.0	45	15.9	29.1	8.27	1.1496	0.00	9	1	7.9	5
01/09/22	18:45	25.8	25.9	25.8	57	16.7	1.6	S	0.13	3.2	SW	25.8	26.2	26.2	---	1014.5	0.00	0.0	174	1.25	174	0.000	0.026	28.6	46	15.9	28.7	8.45	1.1511	0.00	7	1	6.1	5
01/09/22	18:50	---	---	---	57	---	0.0	---	0.00	0.0	---	---	---	---	---	1014.5	0.00	0.0	174	1.25	174	---	---	28.6	46	15.9	28.7	8.45	1.1510	0.00	0	1	0.0	5
01/09/22	18:55	---	---	---	---	---	0.0	---	0.00	0.0	---	---	---	---	---	1014.5	0.00	0.0	---	---	---	---	---	28.5	46	15.8	28.6	8.45	1.1515	0.00	0	1	0.0	5
01/09/22	19:00	---	---	---	---	---	0.0	---	0.00	0.0	---	---	---	---	---	1014.4	0.00	0.0	---	---	---	---	---	28.1	47	15.7	28.2	8.60	1.1529	0.00	0	1	0.0	5
01/09/22	19:05	---	---	---	---	---	0.0	---	0.00	0.0	---	---	---	---	---	1014.2	0.00	0.0	---	---	---	---	---	27.9	48	15.9	28.1	8.81	1.1534	0.00	0	1	0.0	5
01/09/22	19:10	---	---	---	---	---	0.0	---	0.00	0.0	---	---	---	---	---	1014.2	0.00	0.0	---	---	---	---	---	27.7	48	15.7	27.8	8.81	1.1543	0.00	0	1	0.0	5
01/09/22	19:15	---	---	---	---	---	0.0	---	0.00	0.0	---	---	---	---	---	1014.2	0.00	0.0	---	---	---	---	---	27.6	49	15.9	27.8	8.92	1.1544	0.00	0	1	0.0	5
01/09/22	19:20	---	---	---	---	---	0.0	---	0.00	0.0	---	---	---	---	---	1014.2	0.00	0.0	---	---	---	---	---	27.4	49	15.8	27.6	8.92	1.1553	0.00	0	1	0.0	5
01/09/22	19:25	---	---	---	---	---	0.0	---	0.00	0.0	---	---	---	---	---	1014.2	0.00	0.0	---	---	---	---	---	27.3	49	15.7	27.4	8.93	1.1558	0.00	0	1	0.0	5
01/09/22	19:30	---	---	---	---	---	0.0	---	0.00	0.0	---	---	---	---	---	1014.1	0.00	0.0	---	---	---	---	---	27.3	49	15.7	27.4	8.93	1.1557	0.00	0	1	0.0	5
01/09/22	19:35	---	---	---	---	---	0.0	---	0.00	0.0	---	---	---	---	---	1014.1	0.00	0.0	---	---	---	---	---	27.2	50	15.8	27.3	9.13	1.1561	0.00	0	1	0.0	5
01/09/22	19:40	---	---	---	---	---	0.0	---	0.00	0.0	---	---	---	---	---	1014.1	0.00	0.0	---	---	---	---	---	27.1	50	15.7	27.2	9.14	1.1567	0.00	0	1	0.0	5
01/09/22	19:45	25.8	25.8	25.7	57	16.6	0.0	SE	0.00	3.2	SE	25.8	26.1	26.1	---	1014.1	0.00	0.0	94	0.67	95	0.000	0.026	27.0	50	15.7	27.2	9.14	1.1569	0.00	62	1	54.4	5
01/09/22	19:50	25.9	25.9	25.8	56	16.4	0.0	SE	0.00	4.8	ESE	25.9	26.2	26.2	---	1014.0	0.00	0.0	86	0.62	91	0.000	0.026	26.9	50	15.6	27.1	9.14	1.1571	0.00	110	1	96.5	5
01/09/22	19:55	25.8	25.9	25.8	56	16.4	1.6	ESE	0.13	4.8	E	25.8	26.1	26.1	---	1014.0	0.00	0.0	73	0.52	77	0.000	0.026	26.9	50	15.6	27.0	9.14	1.1574	0.00	109	1	95.6	5
01/09/22	20:00	25.8	25.8	25.8	56	16.3	1.6	ESE	0.13	3.2	ESE	25.8	26.1	26.1	---	1014.0	0.00	0.0	61	0.44	65	0.000	0.026	26.8	50	15.5	26.9	9.14	1.1577	0.13	110	1	96.5	5
01/09/22	20:05	25.7	25.8	25.7	57	16.6	0.0	SE	0.00	3.2	SE	25.7	26.0	26.0	---	1014.0	0.00	0.0	44	0.32	54	0.000	0.026	26.8	50	15.5	26.9	9.15	1.1580	0.00	112	1	98.2	5
01/09/22	20:10	25.7	25.7	25.7	57	16.5	0.0	SE	0.00	1.6	SE	25.7	25.9	25.9	---	1014.0	0.00	0.0	32	0.23	37	0.000	0.025	26.7	50	15.4	26.8	9.15	1.1583	0.00	108	1	94.7	5
01/09/22	20:15	25.6	25.7	25.6	58	16.7	0.0	SE	0.00	1.6	SE	25.6	25.8	25.8	---	1014.1	0.00	0.0	28	0.20	28	0.000	0.025	26.7	51	15.7	26.9	9.35	1.1580	0.00	113	1	99.1	5
01/09/22	20:20	25.4	25.6	25.4	58	16.5	0.0	---	0.00	0.0	---	25.4	25.7	25.7	---	1014.1	0.00	0.0	25	0.18	26	0.000	0.024	26.7	51	15.7	26.8	9.35	1.1582	0.00	113	1	99.1	5
01/09/22	20:25	25.2	25.4	25.2	58	16.4	0.0	SE	0.00	1.6	SE	25.2	25.4	25.4	---	1014.1	0.00	0.0	20	0.14	23	0.000	0.024	26.7	51	15.7	26.8	9.35	1.1582	0.00	111	1	97.4	5
01/09/22	20:30	25.0	25.2	25.0	59	16.4	0.0	SE	0.00	1.6	SE	25.0	25.2	25.2	---	1014.2	0.00	0.0	13	0.09	16	0.000	0.023	26.6	51	15.6	26.8	9.35	1.1586	0.00	109	1	95.6	5
01/09/22	20:35	24.8	25.0	24.8	60	16.5	0.0	SE	0.00	1.6	SE	24.8	25.1	25.1	---	1014.3	0.00	0.0	5	0.04	9	0.000	0.022	26.6	51	15.6	26.8	9.35	1.1587	0.00	107	1	93.9	5
01/09/22	20:40	24.6	24.8	24.6	62	16.8	0.0	---	0.00	0.0	---	24.6	25.0	25.0	---	1014.2	0.00	0.0	0	0.00	0	0.000	0.022	26.6	51	15.6	26.7	9.35	1.1589	0.00	113	1	99.1	5
01/09/22	20:45	24.4	24.6	24.4	62	16.7	0.0	---	0.00	0.0	---	24.4	24.8	24.8	---	1014.3	0.00	0.0	0	0.00	0	0.000	0.021	26.5	51	15.5	26.6	9.35	1.1593	0.00	113	1	99.1	5
01/09/22	20:50	24.3	24.4	24.3	62	16.5	0.0	---	0.00	0.0	---	24.3	24.6	24.6	---	1014.3	0.00	0.0	0	0.00	0	0.000	0.021	26.5	51	15.5	26.6	9.35	1.1593	0.00	112	1	98.2	5
01/09/22	20:55	24.2	24.3	24.2	62	16.4	0.0	---	0.00	0.0	---	24.2	24.5	24.5	---	1014.3	0.00	0.0	0	0.00	0	0.000	0.020	26.5	52	15.8	26.7	9.46	1.1589	0.00	111	1	97.4	5
01/09/22	21:00	24.1	24.2	24.1	63	16.6	0.0	---	0.00	0.0	---	24.1	24.4	24.4	---	1014.3	0.00	0.0	0	0.00	0	0.000	0.020	26.4	52	15.8	26.6	9.46	1.1592	0.00	114	1	100.0	5
01/09/22	21:05	23.9	24.1	23.9	64	16.7	0.0	---	0.00	0.0	---	23.9	24.3	24.3	---	1014.3	0.00	0.0	0	0.00	0	0.000	0.019	26.4	52	15.8	26.6	9.46	1.1592	0.00	115	1	100.0	5
01/09/22	21:10	23.8	23.9	23.8	64	16.6	0.0	---	0.00	0.0	---	23.8	24.2	24.2	---	1014.3	0.00	0.0	0	0.00	0	0.000	0.019	26.4	52	15.7	26.6	9.46	1.1595	0.00	113	1	99.1	5
01/09/22	21:15	23.6	23.8	23.6	64	16.4	0.0	---	0.00	0.0	---	23.6	24.0	24.0	---	1014.3	0.00	0.0	0	0.00	0	0.000	0.018	26.4	52	15.7	26.6	9.46	1.1595	0.00	112	1	98.2	5
01/09/22	21:20	23.4	23.6	23.4	65	16.5	0.0	---	0.00	0.0	---	23.4	23.9	23.9	---	1014.4	0.00	0.0	0	0.00	0	0.000	0.018	26.3	52	15.7	26.5	9.46	1.1599	0.00	114	1	100.0	5
01/09/22	21:25	23.4	23.5	23.4	66	16.7	0.0	---	0.00	0.0	---	23.4	23.9	23.9	---	1014.3	0.00	0.0	0	0.00	0	0.000	0.018	26.3	52	15.7	26.5	9.46	1.1598	0.00	113	1	99.1	5
01/09/22	21:30	23.3	23.4	23.3	65	16.4	0.0	---	0.00	0.0	---	23.3	23.8	23.8	---	1014.3	0.00	0.0	0	0.00	0	0.000	0.017	26.3	52	15.7	26.5	9.46	1.1597	0.00	110	1	96.5	5
01/09/22	21:35	23.2	23.3	23.2	65	16.3	0.0	---	0.00	0.0	---	23.2	23.7	23.7	---	1014.2	0.00	0.0	0	0.00	0	0.000	0.017	26.3	52	15.6	26.4	9.46	1.1599	0.00	111	1	97.4	5
01/09/22	21:40	23.1	23.2	23.1	66	16.4	0.0	---	0.00	0.0	---	23.1	23.6	23.6	---	1014.4	0.00	0.0	0	0.00	0	0.000	0.017	26.3	52	15.6	26.4	9.46	1.1602	0.00	110	1	96.5	5
01/09/22	21:45	23.0	23.1	23.0	66	16.3	0.0	---	0.00	0.0	---	23.0	23.4	23.4	---	1014.4	0.00	0.0	0	0.00	0	0.000	0.016	26.2	52	15.6	26.3	9.47	1.1604	0.00	111	1	97.4	5
01/09/22	21:50	22.9	23.0	22.9	67	16.5	0.0	---	0.00	0.0	---	22.9	23.4	23.4	---	1014.3	0.00	0.0	0	0.00	0	0.000	0.016	26.2	52	15.6	26.3	9.47	1.1603	0.00	105	1	92.1	5
01/09/22	21:55	22.8	22.9	22.8	67	16.3	0.0	---	0.00	0.0	---	22.8	23.2	23.2	---	1014.3	0.00	0.0	0	0.00	0	0.000	0.015	26.2	52	15.6	26.3	9.47	1.1603	0.00	108	1	94.7	5
01/09/22	22:00	22.7	22.8	22.7	67	16.3	0.0	---	0.00	0.0	---	22.7	23.1	23.1	---	1014.3	0.00	0.0	0	0.00	0	0.000	0.015	26.2	52	15.6	26.3	9.47	1.1603	0.00	114	1	100.0	5
01/09/22	22:05	22.7	22.7	22.6	67	16.2	0.0	---	0.00	0.0	---	22.7	23.0	23.0	---	1014.3	0.00	0.0	0	0.00	0	0.000	0.015	26.2	52	15.5	26.3	9.47	1.1606	0.00	110	1	96.5	5
01/09/22	22:10	22.6	22.7	22.6	67	16.1	0.0	---	0.00	0.0	---	22.6	22.9	22.9	---	1014.3	0.00	0.0	0	0.00	0	0.000	0.015	26.2	52	15.5	26.3	9.47	1.1606	0.00	113	1	99.1	5
01/09/22	22:15	22.4	22.6	22.4	68	16.2	0.0	SE	0.00	1.6	SE	22.4	22.8	22.8	---	1014.3	0.00	0.0	0	0.00	0	0.000	0.014	26.2	52	15.5	26.3	9.47	1.1606	0.00	111	1	97.4	5
01/09/22	22:20	22.4	22.6	22.4	70	16.7	0.0	SE	0.00	3.2	SE	22.4	22.8	22.8	---	1014.2	0.00	0.0	0	0.00	0	0.000	0.014	26.2	52	15.5	26.3	9.47	1.1605	0.00	107	1	93.9	5
01/09/22	22:25	22.3	22.4	22.3	69	16.3	1.6	WSW	0.13	3.2	SE	22.3	22.6	22.6	---	1014.2	0.00	0.0	0	0.00	0	0.000	0.014	26.2	53	15.8	26.3	9.65	1.1601	0.00	109	1	95.6	5
01/09/22	22:30	22.2	22.3	22.2	71	16.7	3.2	WSW	0.27	3.2	WSW	22.2	22.6	22.6	---	1014.3	0.00	0.0	0	0.00	0	0.000	0.013	26.2	53	15.8	26.3	9.65	1.1602	0.00	107	1	93.9	5
01/09/22	22:35	21.9	22.2	21.9	72	16.7	1.6	WSW	0.13	4.8	WSW	21.9	22.3	22.3	---	1014.2	0.00	0.0	0	0.00	0	0.000	0.013	26.1	53	15.8	26.3	9.65	1.1604	0.00	111	1	97.4	5
01/09/22	22:40	21.7	21.9	21.7	73	16.6	3.2	WNW	0.27	4.8	WNW	21.7	22.1	22.1	---	1014.3	0.00	0.0	0	0.00	0	0.000	0.012	26.1	53	15.8	26.3	9.65	1.1605	0.00	111	1	97.4	5
01/09/22	22:45	21.4	21.7	21.4	74	16.6	1.6	WNW	0.13	4.8	WNW	21.4	21.9	21.9	---	1014.3	0.00	0.0	0	0.00	0	0.000	0.011	26.1	53	15.8	26.3	9.65	1.1605	0.00	107	1	93.9	5
01/09/22	22:50	21.2	21.4	21.2	75	16.6	1.6	WNW	0.13	4.8	WNW	21.2	21.6	21.6	---	1014.2	0.00	0.0	0	0.00	0	0.000	0.010	26.1	53	15.7	26.2	9.65	1.1607	0.00	110	1	96.5	5
01/09/22	22:55	21.1	21.2	21.1	76	16.7	1.6	W	0.13	4.8	W	21.1	21.6	21.6	---	1014.1	0.00	0.0	0	0.00	0	0.000	0.009	26.1	53	15.7	26.2	9.65	1.1606	0.00	113	1	99.1	5
01/09/22	23:00	20.9	21.1	20.9	77	16.8	1.6	W	0.13	4.8	W	20.9	21.5	21.5	---	1014.2	0.00	0.0	0	0.00	0	0.000	0.009	26.1	53	15.7	26.2	9.65	1.1607	0.00	116	1	100.0	5
01/09/22	23:05	21.0	21.0	20.9	77	16.8	4.8	W	0.40	11.3	W	21.0	21.6	21.6	---	1014.2	0.00	0.0	0	0.00	0	0.000	0.009	26.1	53	15.7	26.2	9.65	1.1606	0.00	110	1	96.5	5
01/09/22	23:10	21.0	21.1	20.9	76	16.6	3.2	W	0.27	6.4	NW	21.0	21.5	21.5	---	1014.2	0.00	0.0	0	0.00	0	0.000	0.009	26.0	54	16.0	26.2	9.77	1.1605	0.00	110	1	96.5	5
01/09/22	23:15	21.0	21.0	20.9	76	16.6	3.2	W	0.27	6.4	W	21.0	21.5	21.5	---	1014.1	0.00	0.0	0	0.00	0	0.000	0.009	26.0	54	16.0	26.2	9.77	1.1604	0.00	107	1	93.9	5
01/09/22	23:20	21.0	21.0	21.0	76	16.6	3.2	WNW	0.27	6.4	W	21.0	21.5	21.5	---	1014.1	0.00	0.0	0	0.00	0	0.000	0.009	26.0	54	16.0	26.2	9.77	1.1604	0.00	111	1	97.4	5
01/09/22	23:25	20.9	21.0	20.9	76	16.5	6.4	W	0.54	12.9	W	20.9	21.4	21.4	---	1014.2	0.00	0.0	0	0.00	0	0.000	0.009	26.0	54	16.0	26.2	9.77	1.1605	0.00	109	1	95.6	5
01/09/22	23:30	20.9	20.9	20.8	76	16.5	8.0	W	0.67	12.9	W	20.9	21.4	21.4	---	1014.2	0.00	0.0	0	0.00	0	0.000	0.009	26.0	54	16.0	26.2	9.77	1.1606	0.00	108	1	94.7	5
01/09/22	23:35	20.8	20.9	20.8	76	16.4	4.8	W	0.40	12.9	WSW	20.8	21.3	21.3	---	1014.1	0.00	0.0	0	0.00	0	0.000	0.008	26.0	54	16.0	26.2	9.77	1.1605	0.00	108	1	94.7	5
01/09/22	23:40	20.8	20.8	20.8	76	16.4	4.8	W	0.40	9.7	W	20.8	21.3	21.3	---	1014.2	0.00	0.0	0	0.00	0	0.000	0.008	26.0	54	16.0	26.2	9.77	1.1606	0.00	107	1	93.9	5
01/09/22	23:45	20.8	20.8	20.8	76	16.4	8.0	W	0.67	12.9	W	20.8	21.3	21.3	---	1014.2	0.00	0.0	0	0.00	0	0.000	0.009	25.9	54	15.9	26.2	9.78	1.1609	0.00	101	1	88.6	5
01/09/22	23:50	20.7	20.8	20.7	77	16.5	4.8	W	0.40	11.3	W	20.7	21.3	21.3	---	1014.2	0.00	0.0	0	0.00	0	0.000	0.008	25.9	54	15.9	26.2	9.78	1.1608	0.00	108	1	94.7	5
01/09/22	23:55	20.6	20.7	20.6	77	16.4	4.8	W	0.40	11.3	WSW	20.6	21.2	21.2	---	1014.3	0.00	0.0	0	0.00	0	0.000	0.008	25.9	54	15.9	26.2	9.78	1.1610	0.00	112	1	98.2	5
02/09/22	00:00	20.4	20.6	20.4	77	16.3	4.8	NW	0.40	9.7	W	20.4	21.1	21.1	---	1014.2	0.00	0.0	0	0.00	0	0.000	0.007	25.9	54	15.9	26.2	9.78	1.1608	0.00	112	1	98.2	5
02/09/22	0:05	20.4	20.4	20.4	78	16.4	3.2	WNW	0.27	9.7	WNW	20.4	21.0	21.0	---	1014.2	0.00	0.0	0	0.00	0	0.000	0.007	25.9	54	15.9	26.2	9.78	1.1608	0.00	108	1	94.7	5
02/09/22	0:10	20.3	20.4	20.3	78	16.4	3.2	NW	0.27	6.4	WNW	20.3	20.9	20.9	---	1014.2	0.00	0.0	0	0.00	0	0.000	0.007	25.9	54	15.9	26.1	9.78	1.1611	0.00	109	1	95.6	5
02/09/22	0:15	20.2	20.3	20.2	78	16.2	1.6	NW	0.13	4.8	NW	20.2	20.7	20.7	---	1014.1	0.00	0.0	0	0.00	0	0.000	0.006	25.9	54	15.9	26.1	9.78	1.1610	0.00	113	1	99.1	5
02/09/22	0:20	20.1	20.2	20.1	79	16.3	3.2	NW	0.27	4.8	NW	20.1	20.6	20.6	---	1014.1	0.00	0.0	0	0.00	0	0.000	0.006	25.9	54	15.9	26.1	9.78	1.1610	0.00	115	1	100.0	5
02/09/22	0:25	19.9	20.1	19.9	80	16.4	3.2	NW	0.27	4.8	NNW	19.9	20.6	20.6	---	1014.0	0.00	0.0	0	0.00	0	0.000	0.006	25.9	54	15.9	26.1	9.78	1.1609	0.00	115	1	100.0	5
02/09/22	0:30	19.9	19.9	19.9	80	16.3	3.2	NW	0.27	4.8	NW	19.9	20.5	20.5	---	1014.1	0.00	0.0	0	0.00	0	0.000	0.005	25.9	54	15.9	26.1	9.78	1.1610	0.00	110	1	96.5	5
02/09/22	0:35	19.9	19.9	19.9	80	16.3	1.6	NW	0.13	4.8	WNW	19.9	20.5	20.5	---	1014.0	0.00	0.0	0	0.00	0	0.000	0.005	25.8	54	15.8	26.0	9.78	1.1612	0.00	112	1	98.2	5
02/09/22	0:40	19.8	19.9	19.8	80	16.3	1.6	W	0.13	6.4	W	19.8	20.4	20.4	---	1014.1	0.00	0.0	0	0.00	0	0.000	0.005	25.8	54	15.8	26.0	9.78	1.1613	0.00	112	1	98.2	5
02/09/22	0:45	19.8	19.8	19.8	80	16.2	1.6	WNW	0.13	3.2	WNW	19.8	20.4	20.4	---	1014.1	0.00	0.0	0	0.00	0	0.000	0.005	25.8	54	15.8	26.0	9.78	1.1613	0.00	114	1	100.0	5
02/09/22	0:50	19.7	19.8	19.7	81	16.4	3.2	NW	0.27	6.4	NW	19.7	20.3	20.3	---	1014.0	0.00	0.0	0	0.00	0	0.000	0.005	25.8	54	15.8	26.0	9.78	1.1612	0.00	113	1	99.1	5
02/09/22	0:55	19.7	19.7	19.7	81	16.4	3.2	WNW	0.27	6.4	WNW	19.7	20.3	20.3	---	1014.1	0.00	0.0	0	0.00	0	0.000	0.005	25.8	54	15.8	26.0	9.78	1.1613	0.00	113	1	99.1	5
02/09/22	1:00	19.7	19.8	19.7	81	16.3	1.6	NW	0.13	3.2	NW	19.7	20.3	20.3	---	1013.9	0.00	0.0	0	0.00	0	0.000	0.005	25.8	54	15.8	25.9	9.78	1.1614	0.00	112	1	98.2	5
02/09/22	1:05	19.6	19.7	19.6	81	16.3	3.2	NNW	0.27	4.8	NW	19.6	20.2	20.2	---	1013.9	0.00	0.0	0	0.00	0	0.000	0.004	25.8	54	15.8	25.9	9.78	1.1614	0.00	113	1	99.1	5
02/09/22	1:10	19.6	19.7	19.6	81	16.3	4.8	NW	0.40	8.0	NW	19.6	20.2	20.2	---	1013.9	0.00	0.0	0	0.00	0	0.000	0.004	25.8	54	15.8	25.9	9.78	1.1614	0.00	117	1	100.0	5
02/09/22	1:15	19.6	19.6	19.6	81	16.3	1.6	WNW	0.13	6.4	W	19.6	20.2	20.2	---	1013.9	0.00	0.0	0	0.00	0	0.000	0.004	25.8	54	15.8	25.9	9.78	1.1614	0.00	115	1	100.0	5
02/09/22	1:20	19.5	19.6	19.5	82	16.3	1.6	WNW	0.13	4.8	WNW	19.5	20.1	20.1	---	1013.9	0.00	0.0	0	0.00	0	0.000	0.004	25.7	54	15.7	25.9	9.78	1.1617	0.00	114	1	100.0	5
02/09/22	1:25	19.4	19.5	19.4	82	16.2	3.2	NW	0.27	4.8	NW	19.4	20.0	20.0	---	1014.0	0.00	0.0	0	0.00	0	0.000	0.004	25.8	55	16.1	26.0	9.91	1.1610	0.00	114	1	100.0	5
02/09/22	1:30	19.4	19.4	19.3	82	16.2	3.2	NW	0.27	4.8	NW	19.4	20.0	20.0	---	1013.8	0.00	0.0	0	0.00	0	0.000	0.004	25.7	55	16.0	25.9	9.92	1.1611	0.00	109	1	95.6	5
02/09/22	1:35	19.3	19.4	19.3	82	16.2	1.6	NW	0.13	6.4	NW	19.3	19.9	19.9	---	1013.7	0.00	0.0	0	0.00	0	0.000	0.003	25.7	55	16.0	25.9	9.92	1.1610	0.00	111	1	97.4	5
02/09/22	1:40	19.3	19.3	19.3	83	16.3	1.6	NW	0.13	3.2	NW	19.3	19.8	19.8	---	1013.6	0.00	0.0	0	0.00	0	0.000	0.003	25.7	55	16.0	25.9	9.92	1.1609	0.00	113	1	99.1	5
02/09/22	1:45	19.3	19.3	19.2	83	16.3	3.2	NW	0.27	4.8	NW	19.3	19.8	19.8	---	1013.6	0.00	0.0	0	0.00	0	0.000	0.003	25.7	55	16.0	25.9	9.92	1.1609	0.00	112	1	98.2	5
02/09/22	1:50	19.3	19.3	19.3	83	16.3	3.2	NW	0.27	4.8	NW	19.3	19.8	19.8	---	1013.4	0.00	0.0	0	0.00	0	0.000	0.003	25.7	55	16.0	25.9	9.92	1.1607	0.00	112	1	98.2	5
02/09/22	1:55	19.3	19.3	19.3	83	16.3	1.6	WNW	0.13	3.2	WNW	19.3	19.8	19.8	---	1013.5	0.00	0.0	0	0.00	0	0.000	0.003	25.7	55	16.0	25.9	9.92	1.1608	0.00	113	1	99.1	5
02/09/22	2:00	19.2	19.3	19.2	83	16.3	0.0	WNW	0.00	3.2	WNW	19.2	19.8	19.8	---	1013.4	0.00	0.0	0	0.00	0	0.000	0.003	25.7	55	16.0	25.9	9.92	1.1606	0.00	114	1	100.0	5
02/09/22	2:05	19.2	19.2	19.2	83	16.2	1.6	WNW	0.13	4.8	WNW	19.2	19.7	19.7	---	1013.4	0.00	0.0	0	0.00	0	0.000	0.003	25.7	55	16.0	25.9	9.92	1.1606	0.00	114	1	100.0	5
02/09/22	2:10	19.1	19.2	19.1	84	16.3	1.6	W	0.13	4.8	W	19.1	19.7	19.7	---	1013.4	0.00	0.0	0	0.00	0	0.000	0.003	25.7	55	16.0	25.9	9.92	1.1607	0.00	112	1	98.2	5
02/09/22	2:15	19.2	19.2	19.1	84	16.4	1.6	S	0.13	3.2	SSW	19.2	19.7	19.7	---	1013.5	0.00	0.0	0	0.00	0	0.000	0.003	25.7	55	15.9	25.8	9.92	1.1611	0.00	116	1	100.0	5
02/09/22	2:20	19.2	19.2	19.2	84	16.5	0.0	S	0.00	3.2	S	19.2	19.8	19.8	---	1013.4	0.00	0.0	0	0.00	0	0.000	0.003	25.7	55	16.0	25.9	9.92	1.1607	0.00	114	1	100.0	5
02/09/22	2:25	19.3	19.3	19.2	84	16.6	1.6	S	0.13	3.2	S	19.3	19.9	19.9	---	1013.4	0.00	0.0	0	0.00	0	0.000	0.003	25.7	55	15.9	25.8	9.92	1.1610	0.00	113	1	99.1	5
02/09/22	2:30	19.4	19.4	19.3	84	16.7	4.8	SE	0.40	6.4	S	19.4	20.1	20.1	---	1013.2	0.00	0.0	0	0.00	0	0.000	0.004	25.7	55	15.9	25.8	9.92	1.1608	0.00	111	1	97.4	5
02/09/22	2:35	19.4	19.5	19.4	83	16.5	1.6	ESE	0.13	3.2	ESE	19.4	20.1	20.1	---	1013.0	0.00	0.0	0	0.00	0	0.000	0.004	25.7	55	15.9	25.8	9.92	1.1605	0.00	112	1	98.2	5
02/09/22	2:40	19.3	19.4	19.3	85	16.7	1.6	ENE	0.13	4.8	ENE	19.3	19.9	19.9	---	1013.0	0.00	0.0	0	0.00	0	0.000	0.003	25.7	55	15.9	25.8	9.92	1.1605	0.00	116	1	100.0	5
02/09/22	2:45	19.2	19.3	19.2	86	16.8	0.0	SSE	0.00	3.2	SSE	19.2	19.8	19.8	---	1013.1	0.00	0.0	0	0.00	0	0.000	0.003	25.7	55	15.9	25.8	9.92	1.1606	0.00	115	1	100.0	5
02/09/22	2:50	19.1	19.2	19.1	86	16.7	0.0	S	0.00	3.2	S	19.1	19.7	19.7	---	1012.9	0.00	0.0	0	0.00	0	0.000	0.003	25.7	55	15.9	25.8	9.92	1.1604	0.00	112	1	98.2	5
02/09/22	2:55	19.1	19.1	19.1	87	16.9	1.6	S	0.13	6.4	S	19.1	19.8	19.8	---	1013.0	0.00	0.0	0	0.00	0	0.000	0.003	25.7	56	16.2	25.9	10.12	1.1601	0.00	112	1	98.2	5
02/09/22	3:00	19.1	19.1	19.1	87	16.9	3.2	WSW	0.27	4.8	SW	19.1	19.8	19.8	---	1013.0	0.00	0.0	0	0.00	0	0.000	0.003	25.6	56	16.2	25.8	10.13	1.1604	0.00	115	1	100.0	5
02/09/22	3:05	19.1	19.1	19.1	87	16.9	1.6	WNW	0.13	3.2	WSW	19.1	19.8	19.8	---	1012.9	0.00	0.0	0	0.00	0	0.000	0.003	25.6	56	16.2	25.8	10.13	1.1602	0.00	115	1	100.0	5
02/09/22	3:10	19.0	19.1	18.9	86	16.6	3.2	WNW	0.27	4.8	WNW	19.0	19.6	19.6	---	1012.9	0.00	0.0	0	0.00	0	0.000	0.002	25.6	56	16.2	25.8	10.13	1.1603	0.00	117	1	100.0	5
02/09/22	3:15	18.9	19.0	18.9	86	16.5	1.6	WNW	0.13	6.4	W	18.9	19.5	19.5	---	1013.0	0.00	0.0	0	0.00	0	0.000	0.002	25.7	56	16.2	25.9	10.12	1.1601	0.00	113	1	99.1	5
02/09/22	3:20	18.9	18.9	18.8	86	16.5	4.8	W	0.40	9.7	WNW	18.9	19.4	19.4	---	1013.0	0.00	0.0	0	0.00	0	0.000	0.002	25.7	56	16.2	25.9	10.12	1.1601	0.00	112	1	98.2	5
02/09/22	3:25	18.8	18.9	18.8	87	16.6	1.6	NE	0.13	4.8	NE	18.8	19.4	19.4	---	1013.0	0.00	0.0	0	0.00	0	0.000	0.002	25.6	56	16.2	25.8	10.13	1.1604	0.00	115	1	100.0	5
02/09/22	3:30	18.8	18.8	18.8	87	16.6	1.6	WNW	0.13	3.2	NW	18.8	19.3	19.3	---	1013.1	0.00	0.0	0	0.00	0	0.000	0.002	25.6	56	16.2	25.8	10.13	1.1605	0.00	113	1	99.1	5
02/09/22	3:35	18.7	18.8	18.7	87	16.5	1.6	WNW	0.13	4.8	WNW	18.7	19.3	19.3	---	1013.0	0.00	0.0	0	0.00	0	0.000	0.001	25.6	56	16.2	25.8	10.13	1.1604	0.00	116	1	100.0	5
02/09/22	3:40	18.7	18.8	18.7	87	16.5	1.6	NNW	0.13	3.2	NNW	18.7	19.3	19.3	---	1013.0	0.00	0.0	0	0.00	0	0.000	0.001	25.6	56	16.2	25.8	10.13	1.1604	0.00	111	1	97.4	5
02/09/22	3:45	18.7	18.7	18.7	87	16.5	3.2	WNW	0.27	6.4	WNW	18.7	19.2	19.2	---	1013.0	0.00	0.0	0	0.00	0	0.000	0.001	25.6	56	16.1	25.8	10.13	1.1607	0.00	112	1	98.2	5
02/09/22	3:50	18.7	18.7	18.7	87	16.5	3.2	WSW	0.27	6.4	WSW	18.7	19.3	19.3	---	1013.1	0.00	0.0	0	0.00	0	0.000	0.001	25.6	56	16.1	25.8	10.13	1.1608	0.00	98	1	86.0	5
02/09/22	3:55	18.7	18.7	18.7	87	16.5	3.2	NE	0.27	4.8	NE	18.7	19.2	19.2	---	1012.8	0.00	0.0	0	0.00	0	0.000	0.001	25.6	56	16.1	25.8	10.13	1.1605	0.00	112	1	98.2	5
02/09/22	4:00	18.7	18.7	18.7	87	16.5	1.6	SSE	0.13	3.2	E	18.7	19.2	19.2	---	1012.7	0.00	0.0	0	0.00	0	0.000	0.001	25.6	56	16.1	25.8	10.13	1.1604	0.00	117	1	100.0	5
02/09/22	4:05	18.7	18.7	18.7	87	16.5	1.6	N	0.13	4.8	N	18.7	19.2	19.2	---	1012.9	0.00	0.0	0	0.00	0	0.000	0.001	25.6	56	16.1	25.8	10.13	1.1605	0.00	114	1	100.0	5
02/09/22	4:10	18.6	18.7	18.6	87	16.4	3.2	WNW	0.27	6.4	NNW	18.6	19.2	19.2	---	1012.7	0.00	0.0	0	0.00	0	0.000	0.001	25.6	56	16.1	25.8	10.13	1.1603	0.00	116	1	100.0	5
02/09/22	4:15	18.6	18.6	18.5	88	16.5	0.0	NNW	0.00	1.6	NNW	18.6	19.1	19.1	---	1012.7	0.00	0.0	0	0.00	0	0.000	0.001	25.6	56	16.1	25.8	10.13	1.1603	0.00	115	1	100.0	5
02/09/22	4:20	18.5	18.6	18.4	88	16.5	1.6	W	0.13	4.8	W	18.5	19.1	19.1	---	1012.8	0.00	0.0	0	0.00	0	0.000	0.001	25.6	56	16.1	25.8	10.13	1.1604	0.00	112	1	98.2	5
02/09/22	4:25	18.5	18.5	18.4	88	16.5	1.6	W	0.13	4.8	W	18.5	19.1	19.1	---	1012.9	0.00	0.0	0	0.00	0	0.000	0.001	25.5	56	16.1	25.7	10.13	1.1608	0.00	114	1	100.0	5
02/09/22	4:30	18.4	18.4	18.4	88	16.4	3.2	W	0.27	6.4	SW	18.4	19.0	19.0	---	1012.8	0.00	0.0	0	0.00	0	0.000	0.000	25.6	56	16.1	25.8	10.13	1.1605	0.00	109	1	95.6	5
02/09/22	4:35	18.4	18.4	18.4	88	16.4	3.2	SW	0.27	6.4	SW	18.4	19.0	19.0	---	1013.0	0.00	0.0	0	0.00	0	0.000	0.000	25.5	56	16.1	25.7	10.13	1.1609	0.00	110	1	96.5	5
02/09/22	4:40	18.4	18.4	18.4	88	16.4	3.2	W	0.27	6.4	W	18.4	18.9	18.9	---	1012.8	0.00	0.0	0	0.00	0	0.000	0.000	25.5	56	16.1	25.7	10.13	1.1608	0.00	113	1	99.1	5
02/09/22	4:45	18.3	18.4	18.3	88	16.3	3.2	WNW	0.27	6.4	WNW	18.3	18.8	18.8	---	1012.8	0.00	0.0	0	0.00	0	0.000	0.000	25.5	56	16.1	25.7	10.13	1.1608	0.00	115	1	100.0	5
02/09/22	4:50	18.2	18.3	18.2	89	16.4	4.8	WNW	0.40	12.9	WNW	18.2	18.8	18.8	---	1012.8	0.00	0.0	0	0.00	0	0.000	0.000	25.5	56	16.1	25.7	10.13	1.1608	0.00	113	1	99.1	5
02/09/22	4:55	18.2	18.2	18.2	89	16.3	4.8	W	0.40	11.3	W	18.2	18.7	18.7	---	1012.9	0.00	0.0	0	0.00	0	0.001	0.000	25.5	56	16.1	25.7	10.13	1.1608	0.00	107	1	93.9	5
02/09/22	5:00	18.1	18.2	18.1	89	16.2	3.2	N	0.27	11.3	W	18.1	18.6	18.6	---	1012.9	0.00	0.0	0	0.00	0	0.001	0.000	25.5	56	16.1	25.7	10.13	1.1608	0.00	113	1	99.1	5
02/09/22	5:05	17.9	18.1	17.9	90	16.3	3.2	N	0.27	6.4	NNW	17.9	18.5	18.5	---	1012.8	0.00	0.0	0	0.00	0	0.001	0.000	25.5	56	16.1	25.7	10.13	1.1608	0.00	117	1	100.0	5
02/09/22	5:10	17.8	17.9	17.8	90	16.2	4.8	NNW	0.40	9.7	NW	17.8	18.3	18.3	---	1012.8	0.00	0.0	0	0.00	0	0.002	0.000	25.4	56	16.0	25.7	10.14	1.1611	0.00	116	1	100.0	5
02/09/22	5:15	17.8	17.8	17.8	91	16.3	4.8	NW	0.40	8.0	NW	17.8	18.3	18.3	---	1012.9	0.00	0.0	0	0.00	0	0.002	0.000	25.4	57	16.3	25.7	10.24	1.1607	0.00	112	1	98.2	5
02/09/22	5:20	17.7	17.8	17.7	91	16.2	4.8	NW	0.40	8.0	NW	17.7	18.2	18.2	---	1012.9	0.00	0.0	0	0.00	0	0.002	0.000	25.4	57	16.3	25.7	10.24	1.1607	0.00	116	1	100.0	5
02/09/22	5:25	17.7	17.8	17.7	91	16.2	1.6	NW	0.13	4.8	N	17.7	18.2	18.2	---	1013.0	0.00	0.0	0	0.00	0	0.002	0.000	25.4	57	16.3	25.7	10.24	1.1609	0.00	116	1	100.0	5
02/09/22	5:30	17.7	17.7	17.7	91	16.2	3.2	NNW	0.27	4.8	NNW	17.7	18.2	18.2	---	1013.2	0.00	0.0	0	0.00	0	0.002	0.000	25.4	57	16.3	25.7	10.24	1.1611	0.00	113	1	99.1	5
02/09/22	5:35	17.7	17.8	17.7	92	16.4	3.2	WNW	0.27	4.8	WSW	17.7	18.3	18.3	---	1013.1	0.00	0.0	0	0.00	0	0.002	0.000	25.4	57	16.3	25.7	10.24	1.1610	0.00	113	1	99.1	5
02/09/22	5:40	17.8	17.8	17.7	92	16.5	3.2	SSW	0.27	6.4	SSW	17.8	18.4	18.4	---	1013.2	0.00	0.0	0	0.00	0	0.002	0.000	25.4	57	16.3	25.7	10.24	1.1611	0.00	68	1	59.6	5
02/09/22	5:45	17.8	17.8	17.8	92	16.5	1.6	E	0.13	3.2	E	17.8	18.4	18.4	---	1013.0	0.00	0.0	0	0.00	0	0.002	0.000	25.4	57	16.3	25.7	10.24	1.1609	0.00	23	1	20.2	5
02/09/22	5:50	17.9	17.9	17.8	92	16.6	1.6	E	0.13	3.2	E	17.9	18.5	18.5	---	1013.2	0.00	0.0	0	0.00	0	0.002	0.000	25.6	57	16.5	25.9	10.23	1.1603	0.00	8	1	7.0	5
02/09/22	5:55	17.9	17.9	17.9	92	16.6	3.2	ENE	0.27	3.2	E	17.9	18.5	18.5	---	1013.1	0.00	0.0	0	0.00	0	0.002	0.000	25.7	56	16.2	25.9	10.12	1.1603	0.00	5	1	4.4	5
02/09/22	6:00	---	---	---	92	---	0.0	---	0.00	0.0	---	---	---	---	---	1013.1	0.00	0.0	0	0.00	0	---	---	25.8	56	16.4	26.1	10.11	1.1594	0.00	0	1	0.0	5
02/09/22	6:05	---	---	---	---	---	0.0	---	0.00	0.0	---	---	---	---	---	1012.9	0.00	0.0	---	---	---	---	---	25.8	56	16.3	26.1	10.11	1.1595	0.00	0	1	0.0	5
02/09/22	6:10	---	---	---	---	---	0.0	---	0.00	0.0	---	---	---	---	---	1012.9	0.00	0.0	---	---	---	---	---	25.6	57	16.5	25.9	10.23	1.1599	0.00	0	1	0.0	5
02/09/22	6:15	---	---	---	---	---	0.0	---	0.00	0.0	---	---	---	---	---	1012.7	0.00	0.0	---	---	---	---	---	25.6	57	16.4	25.8	10.23	1.1600	0.00	0	1	0.0	5
02/09/22	6:20	17.4	17.4	17.4	94	16.4	4.8	NNE	0.40	9.7	NE	17.4	17.9	17.9	---	1012.8	0.00	0.0	0	0.00	0	0.003	0.000	25.5	57	16.4	25.7	10.23	1.1603	0.00	59	1	51.8	5
02/09/22	6:25	17.3	17.4	17.3	94	16.4	3.2	NE	0.27	8.0	NE	17.3	17.9	17.9	---	1012.7	0.00	0.0	0	0.00	0	0.003	0.000	25.4	57	16.3	25.7	10.24	1.1605	0.00	73	1	64.0	5
02/09/22	6:30	17.3	17.3	17.3	94	16.3	3.2	NE	0.27	6.4	NE	17.3	17.8	17.8	---	1012.7	0.00	0.0	0	0.00	0	0.004	0.000	25.4	57	16.3	25.7	10.24	1.1605	0.00	40	1	35.1	5
02/09/22	6:35	17.3	17.3	17.2	94	16.3	3.2	N	0.27	6.4	NNE	17.3	17.8	17.8	---	1012.6	0.00	0.0	0	0.00	0	0.004	0.000	25.4	57	16.3	25.6	10.24	1.1607	0.00	43	1	37.7	5
02/09/22	6:40	17.2	17.2	17.2	94	16.2	1.6	NE	0.13	3.2	NE	17.2	17.7	17.7	---	1012.6	0.00	0.0	0	0.00	0	0.004	0.000	25.4	57	16.3	25.6	10.24	1.1607	0.00	22	1	19.3	5
02/09/22	6:45	---	---	---	94	---	0.0	---	0.00	0.0	---	---	---	---	---	1012.8	0.00	0.0	0	0.00	0	---	---	25.5	57	16.4	25.7	10.23	1.1603	0.00	2	1	1.8	5
02/09/22	6:50	---	---	---	94	---	0.0	---	0.00	0.0	---	---	---	---	---	1012.7	0.00	0.0	0	0.00	0	---	---	25.8	56	16.3	26.1	10.11	1.1592	0.00	0	1	0.0	5
02/09/22	6:55	---	---	---	---	---	0.0	---	0.00	0.0	---	---	---	---	---	1012.7	0.00	0.0	---	---	---	---	---	25.7	57	16.5	25.9	10.22	1.1594	0.00	0	1	0.0	5
02/09/22	7:00	---	---	---	---	---	0.0	---	0.00	0.0	---	---	---	---	---	1012.6	0.00	0.0	---	---	---	---	---	25.5	57	16.4	25.7	10.23	1.1601	0.00	0	1	0.0	5
02/09/22	7:05	---	---	---	---	---	0.0	---	0.00	0.0	---	---	---	---	---	1012.5	0.00	0.0	---	---	---	---	---	25.4	57	16.3	25.7	10.24	1.1603	0.00	0	1	0.0	5
02/09/22	7:10	---	---	---	---	---	0.0	---	0.00	0.0	---	---	---	---	---	1012.6	0.00	0.0	---	---	---	---	---	25.6	57	16.4	25.8	10.23	1.1598	0.00	0	1	0.0	5
02/09/22	7:15	---	---	---	---	---	0.0	---	0.00	0.0	---	---	---	---	---	1012.6	0.00	0.0	---	---	---	---	---	25.4	57	16.3	25.7	10.24	1.1604	0.00	0	1	0.0	5
02/09/22	7:20	---	---	---	---	---	0.0	---	0.00	0.0	---	---	---	---	---	1012.5	0.00	0.0	---	---	---	---	---	25.4	57	16.3	25.6	10.24	1.1606	0.00	0	1	0.0	5
02/09/22	7:25	---	---	---	---	---	0.0	---	0.00	0.0	---	---	---	---	---	1012.5	0.00	0.0	---	---	---	---	---	25.4	57	16.3	25.6	10.24	1.1606	0.00	0	1	0.0	5
02/09/22	7:30	---	---	---	---	---	0.0	---	0.00	0.0	---	---	---	---	---	1012.5	0.00	0.0	---	---	---	---	---	25.4	57	16.3	25.6	10.24	1.1605	0.00	0	1	0.0	5
02/09/22	7:35	---	---	---	---	---	0.0	---	0.00	0.0	---	---	---	---	---	1012.5	0.00	0.0	---	---	---	---	---	25.3	57	16.2	25.6	10.25	1.1609	0.00	0	1	0.0	5
02/09/22	7:40	---	---	---	---	---	0.0	---	0.00	0.0	---	---	---	---	---	1012.6	0.00	0.0	---	---	---	---	---	25.3	57	16.1	25.5	10.25	1.1613	0.00	0	1	0.0	5
02/09/22	7:45	---	---	---	---	---	0.0	---	0.00	0.0	---	---	---	---	---	1012.7	0.00	0.0	---	---	---	---	---	25.4	57	16.3	25.6	10.24	1.1608	0.00	0	1	0.0	5
02/09/22	7:50	---	---	---	---	---	0.0	---	0.00	0.0	---	---	---	---	---	1012.8	0.00	0.0	---	---	---	---	---	25.3	57	16.2	25.6	10.25	1.1612	0.00	0	1	0.0	5
02/09/22	7:55	---	---	---	---	---	0.0	---	0.00	0.0	---	---	---	---	---	1012.7	0.00	0.0	---	---	---	---	---	25.3	57	16.2	25.6	10.25	1.1611	0.00	0	1	0.0	5
02/09/22	8:00	17.1	17.1	17.1	95	16.3	1.6	E	0.13	3.2	E	17.1	17.7	17.7	---	1012.8	0.00	0.0	12	0.09	12	0.004	0.000	25.3	57	16.1	25.5	10.25	1.1615	0.00	55	1	48.2	5
02/09/22	8:05	17.2	17.2	17.1	95	16.4	1.6	E	0.13	3.2	E	17.2	17.7	17.7	---	1012.8	0.00	0.0	20	0.14	26	0.004	0.000	25.3	57	16.1	25.5	10.25	1.1615	0.00	98	1	86.0	5
02/09/22	8:10	17.2	17.2	17.1	96	16.6	1.6	SE	0.13	4.8	ESE	17.2	17.8	17.8	---	1012.8	0.00	0.0	44	0.32	49	0.004	0.000	25.3	58	16.4	25.6	10.45	1.1612	0.00	103	1	90.4	5
02/09/22	8:15	17.3	17.3	17.2	96	16.7	1.6	SE	0.13	4.8	SE	17.3	18.0	18.0	---	1012.9	0.00	0.0	49	0.35	56	0.003	0.000	25.2	58	16.4	25.4	10.45	1.1615	0.00	108	1	94.7	5
02/09/22	8:20	17.4	17.4	17.3	96	16.7	3.2	SE	0.27	6.4	ESE	17.4	18.1	18.1	---	1012.9	0.00	0.0	56	0.40	65	0.003	0.000	25.3	58	16.4	25.6	10.45	1.1612	0.00	101	1	88.6	5
02/09/22	8:25	17.4	17.4	17.4	96	16.8	1.6	SE	0.13	4.8	ESE	17.4	18.1	18.1	---	1012.9	0.00	0.0	48	0.34	53	0.003	0.000	25.3	58	16.4	25.6	10.45	1.1612	0.00	89	1	78.1	5
02/09/22	8:30	17.6	17.6	17.4	95	16.7	1.6	SE	0.13	4.8	SE	17.6	18.2	18.2	---	1012.8	0.00	0.0	57	0.41	72	0.003	0.000	25.2	58	16.4	25.4	10.45	1.1614	0.00	102	1	89.5	5
02/09/22	8:35	17.6	17.6	17.5	95	16.7	1.6	SE	0.13	6.4	SSE	17.6	18.2	18.2	---	1012.9	0.00	0.0	45	0.32	54	0.003	0.000	25.2	58	16.4	25.4	10.45	1.1615	0.00	95	1	83.3	5
02/09/22	8:40	17.5	17.6	17.4	95	16.7	1.6	SSE	0.13	6.4	SSE	17.5	18.1	18.1	---	1012.9	0.00	0.0	38	0.27	42	0.003	0.000	25.2	58	16.4	25.4	10.45	1.1615	0.00	78	1	68.4	5
02/09/22	8:45	17.6	17.6	17.5	95	16.7	3.2	SSE	0.27	6.4	SSE	17.6	18.2	18.2	---	1012.9	0.00	0.0	49	0.35	58	0.003	0.000	25.3	58	16.4	25.6	10.45	1.1612	0.00	99	1	86.8	5
02/09/22	8:50	17.5	17.6	17.5	95	16.7	3.2	SSE	0.27	8.0	SSE	17.5	18.1	18.1	---	1012.8	0.00	0.0	54	0.39	58	0.003	0.000	25.2	58	16.4	25.4	10.45	1.1615	0.00	106	1	93.0	5
02/09/22	8:55	17.6	17.6	17.5	95	16.7	3.2	SSE	0.27	6.4	SSE	17.6	18.2	18.2	---	1012.8	0.00	0.0	43	0.31	47	0.003	0.000	25.2	58	16.4	25.4	10.45	1.1614	0.00	110	1	96.5	5
02/09/22	9:00	17.6	17.6	17.6	95	16.8	3.2	SSE	0.27	6.4	SSE	17.6	18.2	18.2	---	1012.7	0.00	0.0	42	0.30	47	0.003	0.000	25.2	58	16.4	25.4	10.45	1.1613	0.03	111	1	97.4	5
02/09/22	9:05	17.7	17.7	17.6	95	16.9	3.2	SSE	0.27	4.8	SSE	17.7	18.3	18.3	---	1012.7	0.00	0.0	34	0.24	35	0.002	0.000	25.3	58	16.4	25.6	10.45	1.1610	0.00	111	1	97.4	5
02/09/22	9:10	17.7	17.7	17.7	95	16.9	1.6	SE	0.13	4.8	SE	17.7	18.4	18.4	---	1012.7	0.00	0.0	33	0.24	35	0.002	0.000	25.3	58	16.4	25.6	10.45	1.1610	0.00	114	1	100.0	5
02/09/22	9:15	17.7	17.7	17.7	94	16.7	3.2	SE	0.27	4.8	SE	17.7	18.3	18.3	---	1012.7	0.00	0.0	37	0.27	46	0.002	0.000	25.2	58	16.4	25.4	10.45	1.1613	0.00	116	1	100.0	5
02/09/22	9:20	17.7	17.8	17.7	94	16.7	3.2	SE	0.27	8.0	SSE	17.7	18.3	18.3	---	1012.6	0.00	0.0	44	0.32	53	0.002	0.000	25.2	58	16.4	25.4	10.45	1.1612	0.00	114	1	100.0	5
02/09/22	9:25	17.8	17.8	17.7	94	16.8	3.2	SSE	0.27	6.4	SSE	17.8	18.4	18.4	---	1012.7	0.00	0.0	131	0.94	163	0.002	0.000	25.2	58	16.4	25.4	10.45	1.1613	0.00	86	1	75.4	5
02/09/22	9:30	---	---	---	94	---	0.0	---	0.00	0.0	---	---	---	---	---	1012.8	0.00	0.0	134	0.96	134	---	---	25.3	59	16.7	25.6	10.65	1.1605	0.00	0	1	0.0	5
02/09/22	9:35	17.9	17.9	17.9	93	16.8	3.2	SSE	0.27	6.4	ESE	17.9	18.6	18.6	---	1012.9	0.00	0.0	79	0.57	79	0.001	0.000	25.9	58	17.0	26.3	10.40	1.1578	0.00	31	1	27.2	5
02/09/22	9:40	18.1	18.1	18.0	94	17.1	3.2	S	0.27	6.4	SSE	18.1	18.8	18.8	---	1012.9	0.00	0.0	109	0.78	113	0.001	0.000	26.3	57	17.1	26.7	10.18	1.1565	0.00	42	1	36.8	5
02/09/22	9:45	18.1	18.1	18.1	93	17.0	3.2	SSE	0.27	8.0	SSE	18.1	18.8	18.8	---	1012.8	0.00	0.0	93	0.67	97	0.001	0.000	26.5	57	17.3	26.9	10.16	1.1552	0.00	47	1	41.2	5
