		Temp	Hi	Low	Out	Dew	Wind	Wind	Wind	Hi	Hi	Wind	Heat	THW	THSW			Rain	Solar	Solar	Hi Solar	Heat	Cool	In 	In	In 	In 	In 	In Air		Wind	Wind	ISS 	Arc.
Date	Time	Out	Temp	Temp	Hum	Pt.	Speed	Dir	Run	Speed	Dir	Chill	Index	Index	Index	Bar  	Rain	Rate	Rad.	Energy	Rad. 	D-D 	D-D 	Temp	Hum	Dew	Heat	EMC	Density	ET 	Samp	Tx 	Recept	Int.
01/05/23	0:05	12.1	12.2	12.1	94	11.2	3.2	ENE	0.27	4.8	NE	12.1	12.3	12.3	---	1020.6	0.00	0.0	0	0.00	0	0.022	0.000	20.7	53	10.7	20.0	9.87	1.1955	0.00	114	1	100.0	5
01/05/23	0:10	12.1	12.1	12.1	95	11.3	3.2	NE	0.27	4.8	NE	12.1	12.2	12.2	---	1020.5	0.00	0.0	0	0.00	0	0.022	0.000	20.7	53	10.7	20.0	9.87	1.1953	0.00	116	1	100.0	5
01/05/23	0:15	12.0	12.1	11.9	95	11.2	3.2	NE	0.27	6.4	NE	12.0	12.2	12.2	---	1020.7	0.00	0.0	0	0.00	0	0.022	0.000	20.7	53	10.7	20.0	9.87	1.1955	0.00	117	1	100.0	5
01/05/23	0:20	11.9	12.0	11.9	95	11.1	3.2	NNE	0.27	6.4	N	11.9	12.1	12.1	---	1020.6	0.00	0.0	0	0.00	0	0.022	0.000	20.7	53	10.7	20.0	9.87	1.1954	0.00	114	1	100.0	5
01/05/23	0:25	11.8	11.9	11.8	95	11.1	6.4	NE	0.54	9.7	NE	11.5	12.0	11.7	---	1020.5	0.00	0.0	0	0.00	0	0.023	0.000	20.7	53	10.7	20.0	9.87	1.1953	0.00	116	1	100.0	5
01/05/23	0:30	11.8	11.8	11.8	95	11.0	6.4	NE	0.54	12.9	ENE	11.4	11.9	11.6	---	1020.6	0.00	0.0	0	0.00	0	0.023	0.000	20.6	53	10.7	19.9	9.87	1.1957	0.00	115	1	100.0	5
01/05/23	0:35	11.7	11.8	11.7	95	10.9	6.4	ENE	0.54	12.9	ENE	11.3	11.9	11.5	---	1020.6	0.00	0.0	0	0.00	0	0.023	0.000	20.6	53	10.7	19.9	9.87	1.1957	0.00	112	1	98.2	5
01/05/23	0:40	11.7	11.7	11.7	95	10.9	6.4	ENE	0.54	11.3	NE	11.3	11.8	11.4	---	1020.6	0.00	0.0	0	0.00	0	0.023	0.000	20.6	53	10.7	19.9	9.87	1.1957	0.00	111	1	97.4	5
01/05/23	0:45	11.6	11.7	11.6	95	10.8	8.0	ENE	0.67	16.1	NE	10.9	11.8	11.1	---	1020.5	0.00	0.0	0	0.00	0	0.023	0.000	20.6	53	10.7	19.9	9.87	1.1956	0.00	112	1	98.2	5
01/05/23	0:50	11.6	11.6	11.6	95	10.8	6.4	NE	0.54	16.1	NE	11.2	11.7	11.3	---	1020.5	0.00	0.0	0	0.00	0	0.024	0.000	20.6	53	10.7	19.9	9.87	1.1955	0.00	117	1	100.0	5
01/05/23	0:55	11.4	11.6	11.4	95	10.7	8.0	NE	0.67	16.1	ENE	10.7	11.6	10.9	---	1020.5	0.00	0.0	0	0.00	0	0.024	0.000	20.6	53	10.6	19.9	9.87	1.1959	0.00	116	1	100.0	5
01/05/23	1:00	11.4	11.4	11.3	95	10.6	8.0	NE	0.67	16.1	NE	10.7	11.6	10.8	---	1020.5	0.00	0.0	0	0.00	0	0.024	0.000	20.6	53	10.7	19.9	9.87	1.1956	0.00	114	1	100.0	5
01/05/23	1:05	11.3	11.3	11.3	95	10.5	6.4	NE	0.54	12.9	NNE	10.8	11.5	11.1	---	1020.5	0.00	0.0	0	0.00	0	0.024	0.000	20.6	54	11.0	20.0	9.99	1.1953	0.00	114	1	100.0	5
01/05/23	1:10	11.2	11.3	11.2	95	10.4	6.4	NE	0.54	9.7	NE	10.7	11.4	10.9	---	1020.4	0.00	0.0	0	0.00	0	0.025	0.000	20.6	54	10.9	19.9	9.99	1.1955	0.00	115	1	100.0	5
01/05/23	1:15	11.1	11.2	11.1	95	10.3	6.4	ENE	0.54	12.9	ENE	10.6	11.3	10.8	---	1020.5	0.00	0.0	0	0.00	0	0.025	0.000	20.6	54	11.0	20.0	9.99	1.1953	0.00	116	1	100.0	5
01/05/23	1:20	11.0	11.1	11.0	95	10.2	8.0	NE	0.67	14.5	NE	10.2	11.2	10.4	---	1020.4	0.00	0.0	0	0.00	0	0.025	0.000	20.6	54	10.9	19.9	9.99	1.1955	0.00	114	1	100.0	5
01/05/23	1:25	10.9	11.0	10.9	95	10.2	8.0	NE	0.67	17.7	ENE	10.1	11.2	10.3	---	1020.4	0.00	0.0	0	0.00	0	0.026	0.000	20.6	54	10.9	19.9	9.99	1.1955	0.00	110	1	96.5	5
01/05/23	1:30	10.8	10.9	10.8	96	10.2	9.7	NE	0.80	19.3	N	9.7	11.1	9.9	---	1020.5	0.00	0.0	0	0.00	0	0.026	0.000	20.6	54	10.9	19.9	9.99	1.1956	0.00	115	1	100.0	5
01/05/23	1:35	10.8	10.8	10.8	96	10.2	9.7	ENE	0.80	20.9	NE	9.6	11.0	9.8	---	1020.6	0.00	0.0	0	0.00	0	0.026	0.000	20.6	54	10.9	19.9	9.99	1.1957	0.00	109	1	95.6	5
01/05/23	1:40	10.8	10.8	10.7	96	10.2	8.0	ENE	0.67	20.9	NE	9.9	11.0	10.2	---	1020.5	0.00	0.0	0	0.00	0	0.026	0.000	20.6	54	10.9	19.9	9.99	1.1956	0.00	108	1	94.7	5
01/05/23	1:45	10.8	10.8	10.7	96	10.2	4.8	ENE	0.40	11.3	NE	10.7	11.0	10.9	---	1020.4	0.00	0.0	0	0.00	0	0.026	0.000	20.6	54	10.9	19.9	9.99	1.1955	0.00	116	1	100.0	5
01/05/23	1:50	10.7	10.8	10.7	96	10.1	8.0	ENE	0.67	14.5	NE	9.9	10.9	10.1	---	1020.6	0.00	0.0	0	0.00	0	0.026	0.000	20.6	54	10.9	19.9	9.99	1.1956	0.00	110	1	96.5	5
01/05/23	1:55	10.7	10.8	10.7	96	10.1	6.4	ENE	0.54	11.3	E	10.2	10.9	10.4	---	1020.5	0.00	0.0	0	0.00	0	0.026	0.000	20.5	54	10.9	19.9	9.99	1.1958	0.00	112	1	98.2	5
01/05/23	2:00	10.8	10.8	10.7	96	10.2	4.8	ENE	0.40	8.0	ENE	10.7	11.0	10.9	---	1020.6	0.00	0.0	0	0.00	0	0.026	0.000	20.5	54	10.9	19.9	9.99	1.1959	0.00	117	1	100.0	5
01/05/23	2:05	10.8	10.8	10.8	96	10.2	6.4	NE	0.54	11.3	NE	10.3	11.0	10.5	---	1020.5	0.00	0.0	0	0.00	0	0.026	0.000	20.5	54	10.9	19.9	9.99	1.1959	0.00	116	1	100.0	5
01/05/23	2:10	10.8	10.8	10.8	96	10.2	6.4	ENE	0.54	12.9	ENE	10.3	11.0	10.5	---	1020.5	0.00	0.0	0	0.00	0	0.026	0.000	20.5	54	10.9	19.9	9.99	1.1959	0.00	113	1	99.1	5
01/05/23	2:15	10.8	10.8	10.8	96	10.2	6.4	NE	0.54	12.9	E	10.3	11.0	10.5	---	1020.6	0.00	0.0	0	0.00	0	0.026	0.000	20.5	54	10.9	19.9	9.99	1.1959	0.00	112	1	98.2	5
01/05/23	2:20	10.7	10.8	10.7	96	10.1	8.0	NE	0.67	16.1	NE	9.9	10.9	10.1	---	1020.6	0.00	0.0	0	0.00	0	0.026	0.000	20.5	54	10.9	19.9	9.99	1.1959	0.00	112	1	98.2	5
01/05/23	2:25	10.8	10.8	10.7	97	10.3	6.4	NE	0.54	11.3	NE	10.3	11.1	10.6	---	1020.5	0.00	0.0	0	0.00	0	0.026	0.000	20.5	54	10.9	19.9	9.99	1.1958	0.00	115	1	100.0	5
01/05/23	2:30	10.8	10.8	10.7	97	10.3	6.4	NE	0.54	12.9	ENE	10.3	11.1	10.6	---	1020.4	0.00	0.0	0	0.00	0	0.026	0.000	20.4	54	10.8	19.8	10.00	1.1960	0.00	116	1	100.0	5
01/05/23	2:35	10.7	10.7	10.7	97	10.2	8.0	ENE	0.67	17.7	NE	9.8	10.9	10.1	---	1020.2	0.00	0.0	0	0.00	0	0.027	0.000	20.5	54	10.9	19.9	9.99	1.1955	0.00	112	1	98.2	5
01/05/23	2:40	10.6	10.7	10.6	96	10.0	8.0	ENE	0.67	14.5	NNE	9.7	10.8	9.9	---	1020.4	0.00	0.0	0	0.00	0	0.027	0.000	20.5	54	10.9	19.9	9.99	1.1957	0.00	110	1	96.5	5
01/05/23	2:45	10.6	10.7	10.6	96	10.0	8.0	NE	0.67	17.7	NE	9.7	10.8	9.9	---	1020.4	0.00	0.0	0	0.00	0	0.027	0.000	20.4	54	10.8	19.8	10.00	1.1960	0.00	114	1	100.0	5
01/05/23	2:50	10.6	10.6	10.6	97	10.2	8.0	ENE	0.67	16.1	ESE	9.7	10.9	10.0	---	1020.3	0.00	0.0	0	0.00	0	0.027	0.000	20.4	54	10.8	19.8	10.00	1.1958	0.00	115	1	100.0	5
01/05/23	2:55	10.6	10.6	10.6	97	10.2	4.8	NE	0.40	12.9	NNE	10.5	10.9	10.8	---	1020.2	0.00	0.0	0	0.00	0	0.027	0.000	20.4	54	10.8	19.8	10.00	1.1958	0.00	116	1	100.0	5
01/05/23	3:00	10.6	10.7	10.6	97	10.2	4.8	ENE	0.40	12.9	E	10.5	10.9	10.8	---	1020.1	0.00	0.0	0	0.00	0	0.027	0.000	20.4	54	10.8	19.8	10.00	1.1957	0.00	117	1	100.0	5
01/05/23	3:05	10.6	10.7	10.6	97	10.2	6.4	E	0.54	12.9	E	10.1	10.9	10.3	---	1020.1	0.00	0.0	0	0.00	0	0.027	0.000	20.4	54	10.8	19.8	10.00	1.1956	0.00	117	1	100.0	5
01/05/23	3:10	10.6	10.7	10.6	97	10.2	6.4	ENE	0.54	14.5	ENE	10.1	10.9	10.3	---	1020.1	0.00	0.0	0	0.00	0	0.027	0.000	20.4	54	10.8	19.8	10.00	1.1956	0.00	115	1	100.0	5
01/05/23	3:15	10.6	10.7	10.6	97	10.2	6.4	NE	0.54	14.5	NE	10.1	10.9	10.3	---	1020.2	0.00	0.0	0	0.00	0	0.027	0.000	20.4	54	10.8	19.8	10.00	1.1957	0.00	114	1	100.0	5
01/05/23	3:20	10.7	10.7	10.6	97	10.2	4.8	ENE	0.40	12.9	ENE	10.6	10.9	10.8	---	1020.1	0.00	0.0	0	0.00	0	0.027	0.000	20.4	54	10.8	19.8	10.00	1.1956	0.00	112	1	98.2	5
01/05/23	3:25	10.6	10.7	10.6	97	10.2	4.8	N	0.40	9.7	NE	10.5	10.9	10.8	---	1020.1	0.00	0.0	0	0.00	0	0.027	0.000	20.4	54	10.8	19.8	10.00	1.1957	0.00	117	1	100.0	5
01/05/23	3:30	10.6	10.6	10.6	97	10.1	4.8	NE	0.40	12.9	NNE	10.4	10.8	10.7	---	1020.1	0.00	0.0	0	0.00	0	0.027	0.000	20.4	54	10.8	19.8	10.00	1.1956	0.00	116	1	100.0	5
01/05/23	3:35	10.5	10.6	10.5	97	10.0	6.4	NE	0.54	14.5	NNE	9.9	10.8	10.2	---	1020.1	0.00	0.0	0	0.00	0	0.027	0.000	20.4	54	10.8	19.8	10.00	1.1959	0.00	117	1	100.0	5
01/05/23	3:40	10.4	10.5	10.4	97	10.0	6.4	NE	0.54	12.9	NNE	9.9	10.7	10.2	---	1020.1	0.00	0.0	0	0.00	0	0.027	0.000	20.4	54	10.8	19.8	10.00	1.1956	0.00	115	1	100.0	5
01/05/23	3:45	10.4	10.4	10.4	97	10.0	6.4	NE	0.54	16.1	NE	9.9	10.7	10.2	---	1020.1	0.00	0.0	0	0.00	0	0.027	0.000	20.4	54	10.8	19.8	10.00	1.1959	0.00	115	1	100.0	5
01/05/23	3:50	10.4	10.4	10.4	97	9.9	4.8	NE	0.40	9.7	NNE	10.3	10.7	10.6	---	1020.0	0.00	0.0	0	0.00	0	0.028	0.000	20.4	54	10.8	19.8	10.00	1.1958	0.00	112	1	98.2	5
01/05/23	3:55	10.4	10.4	10.4	97	10.0	4.8	NE	0.40	9.7	NE	10.3	10.7	10.6	---	1020.1	0.00	0.0	0	0.00	0	0.027	0.000	20.4	54	10.8	19.8	10.00	1.1959	0.00	116	1	100.0	5
01/05/23	4:00	10.4	10.4	10.4	97	9.9	3.2	NE	0.27	8.0	NE	10.4	10.7	10.7	---	1020.1	0.00	0.0	0	0.00	0	0.028	0.000	20.4	54	10.8	19.8	10.00	1.1959	0.00	117	1	100.0	5
01/05/23	4:05	10.4	10.4	10.4	97	9.9	4.8	NE	0.40	9.7	NE	10.3	10.7	10.6	---	1020.0	0.00	0.0	0	0.00	0	0.028	0.000	20.4	54	10.8	19.8	10.00	1.1958	0.00	116	1	100.0	5
01/05/23	4:10	10.4	10.4	10.4	97	10.0	3.2	NE	0.27	6.4	NE	10.4	10.7	10.7	---	1020.1	0.00	0.0	0	0.00	0	0.027	0.000	20.3	54	10.7	19.7	10.01	1.1962	0.00	116	1	100.0	5
01/05/23	4:15	10.4	10.4	10.4	97	9.9	4.8	NE	0.40	9.7	NE	10.3	10.7	10.6	---	1020.1	0.00	0.0	0	0.00	0	0.028	0.000	20.4	54	10.8	19.8	10.00	1.1959	0.00	118	1	100.0	5
01/05/23	4:20	10.4	10.4	10.4	97	10.0	3.2	ENE	0.27	8.0	ENE	10.4	10.7	10.7	---	1020.2	0.00	0.0	0	0.00	0	0.027	0.000	20.4	54	10.8	19.8	10.00	1.1960	0.00	112	1	98.2	5
01/05/23	4:25	10.4	10.4	10.4	97	9.9	1.6	ENE	0.13	4.8	NE	10.4	10.7	10.7	---	1020.1	0.00	0.0	0	0.00	0	0.028	0.000	20.4	54	10.8	19.8	10.00	1.1959	0.00	114	1	100.0	5
01/05/23	4:30	10.4	10.4	10.4	97	10.0	3.2	ENE	0.27	6.4	E	10.4	10.7	10.7	---	1020.1	0.00	0.0	0	0.00	0	0.027	0.000	20.4	54	10.8	19.8	10.00	1.1956	0.00	116	1	100.0	5
01/05/23	4:35	10.4	10.4	10.3	97	9.9	4.8	ENE	0.40	11.3	NE	10.3	10.7	10.6	---	1020.1	0.00	0.0	0	0.00	0	0.028	0.000	20.4	54	10.8	19.8	10.00	1.1957	0.00	117	1	100.0	5
01/05/23	4:40	10.3	10.4	10.3	97	9.9	6.4	ENE	0.54	14.5	NE	9.8	10.6	10.1	---	1020.2	0.00	0.0	0	0.00	0	0.028	0.000	20.4	54	10.8	19.8	10.00	1.1957	0.00	115	1	100.0	5
01/05/23	4:45	10.3	10.3	10.2	97	9.8	8.0	ENE	0.67	19.3	NE	9.3	10.6	9.6	---	1020.1	0.00	0.0	0	0.00	0	0.028	0.000	20.4	54	10.8	19.8	10.00	1.1957	0.00	114	1	100.0	5
01/05/23	4:50	10.3	10.3	10.3	97	9.9	6.4	ENE	0.54	14.5	ENE	9.8	10.6	10.1	---	1020.3	0.00	0.0	0	0.00	0	0.028	0.000	20.4	54	10.8	19.8	10.00	1.1958	0.00	115	1	100.0	5
01/05/23	4:55	10.3	10.3	10.3	97	9.9	3.2	NE	0.27	6.4	NE	10.3	10.6	10.6	---	1020.2	0.00	0.0	0	0.00	0	0.028	0.000	20.5	54	10.9	19.9	9.99	1.1955	0.00	113	1	99.1	5
01/05/23	5:00	10.4	10.4	10.3	97	9.9	3.2	ENE	0.27	6.4	ENE	10.4	10.7	10.7	---	1020.2	0.00	0.0	0	0.00	0	0.028	0.000	20.5	54	10.9	19.9	9.99	1.1955	0.00	114	1	100.0	5
01/05/23	5:05	10.4	10.4	10.3	97	10.0	3.2	ENE	0.27	6.4	E	10.4	10.7	10.7	---	1020.2	0.00	0.0	0	0.00	0	0.027	0.000	20.5	54	10.9	19.9	9.99	1.1954	0.00	116	1	100.0	5
01/05/23	5:10	10.4	10.4	10.4	97	10.0	3.2	ENE	0.27	6.4	ENE	10.4	10.7	10.7	---	1020.1	0.00	0.0	0	0.00	0	0.027	0.000	20.5	53	10.6	19.8	9.87	1.1956	0.00	116	1	100.0	5
01/05/23	5:15	10.4	10.4	10.4	97	9.9	6.4	NE	0.54	14.5	NE	9.8	10.7	10.1	---	1020.2	0.00	0.0	0	0.00	0	0.028	0.000	20.5	53	10.6	19.8	9.87	1.1957	0.00	116	1	100.0	5
01/05/23	5:20	10.4	10.4	10.4	97	10.0	4.8	ENE	0.40	12.9	ENE	10.3	10.7	10.6	---	1020.1	0.00	0.0	0	0.00	0	0.027	0.000	20.6	53	10.6	19.9	9.87	1.1954	0.00	114	1	100.0	5
01/05/23	5:25	10.4	10.4	10.4	96	9.8	4.8	ENE	0.40	9.7	NE	10.3	10.7	10.6	---	1020.1	0.00	0.0	0	0.00	0	0.027	0.000	20.6	54	10.9	19.9	9.99	1.1951	0.00	112	1	98.2	5
01/05/23	5:30	10.4	10.4	10.4	96	9.8	4.8	E	0.40	8.0	ENE	10.3	10.7	10.6	---	1020.0	0.00	0.0	0	0.00	0	0.027	0.000	20.6	53	10.6	19.9	9.87	1.1953	0.00	115	1	100.0	5
01/05/23	5:35	10.4	10.4	10.4	96	9.8	4.8	E	0.40	11.3	ENE	10.3	10.7	10.6	---	1020.0	0.00	0.0	0	0.00	0	0.027	0.000	20.6	53	10.6	19.9	9.87	1.1953	0.00	117	1	100.0	5
01/05/23	5:40	10.4	10.4	10.4	96	9.8	4.8	ENE	0.40	9.7	NE	10.3	10.7	10.6	---	1020.1	0.00	0.0	0	0.00	0	0.027	0.000	20.6	53	10.6	19.9	9.87	1.1953	0.00	115	1	100.0	5
01/05/23	5:45	10.4	10.4	10.4	96	9.8	4.8	ENE	0.40	8.0	NE	10.3	10.7	10.6	---	1020.0	0.00	0.0	0	0.00	0	0.027	0.000	20.6	53	10.6	19.9	9.87	1.1953	0.00	116	1	100.0	5
01/05/23	5:50	10.4	10.4	10.4	96	9.8	6.4	E	0.54	12.9	E	9.9	10.7	10.2	---	1020.1	0.00	0.0	0	0.00	0	0.027	0.000	20.6	53	10.6	19.9	9.87	1.1953	0.00	114	1	100.0	5
01/05/23	5:55	10.4	10.4	10.4	96	9.8	6.4	ENE	0.54	14.5	ENE	9.9	10.7	10.2	---	1020.1	0.00	0.0	0	0.00	0	0.027	0.000	20.6	53	10.7	19.9	9.87	1.1951	0.00	109	1	95.6	5
01/05/23	6:00	10.4	10.4	10.4	96	9.8	6.4	ENE	0.54	9.7	NE	9.9	10.7	10.2	---	1020.1	0.00	0.0	0	0.00	0	0.027	0.000	20.6	53	10.7	19.9	9.87	1.1951	0.00	115	1	100.0	5
01/05/23	6:05	10.4	10.4	10.4	96	9.8	4.8	ENE	0.40	11.3	E	10.3	10.7	10.6	---	1020.2	0.00	0.0	0	0.00	0	0.027	0.000	20.6	53	10.7	19.9	9.87	1.1952	0.00	115	1	100.0	5
01/05/23	6:10	10.4	10.4	10.4	96	9.8	4.8	NE	0.40	9.7	E	10.3	10.7	10.6	---	1020.2	0.00	0.0	0	0.00	0	0.028	0.000	20.6	53	10.7	19.9	9.87	1.1952	0.00	117	1	100.0	5
01/05/23	6:15	10.4	10.4	10.4	95	9.7	3.2	NE	0.27	8.0	ENE	10.4	10.7	10.7	---	1020.2	0.00	0.0	0	0.00	0	0.027	0.000	20.6	53	10.7	19.9	9.87	1.1952	0.00	115	1	100.0	5
01/05/23	6:20	10.4	10.5	10.4	95	9.7	4.8	E	0.40	9.7	E	10.3	10.7	10.6	---	1020.2	0.00	0.0	0	0.00	0	0.027	0.000	20.6	53	10.7	19.9	9.87	1.1952	0.00	114	1	100.0	5
01/05/23	6:25	10.5	10.5	10.4	95	9.7	4.8	E	0.40	11.3	E	10.4	10.7	10.6	---	1020.1	0.00	0.0	0	0.00	0	0.027	0.000	20.6	53	10.7	19.9	9.87	1.1951	0.00	118	1	100.0	5
01/05/23	6:30	10.5	10.5	10.5	95	9.7	6.4	E	0.54	12.9	E	9.9	10.7	10.2	---	1020.2	0.00	0.0	0	0.00	0	0.027	0.000	20.7	53	10.7	20.0	9.87	1.1950	0.00	114	1	100.0	5
01/05/23	6:35	10.5	10.6	10.5	95	9.7	4.8	E	0.40	11.3	E	10.4	10.7	10.6	---	1020.3	0.00	0.0	0	0.00	0	0.027	0.000	20.7	53	10.7	20.0	9.87	1.1951	0.00	115	1	100.0	5
01/05/23	6:40	10.6	10.6	10.5	95	9.8	3.2	NE	0.27	6.4	E	10.6	10.8	10.8	---	1020.3	0.00	0.0	0	0.00	0	0.027	0.000	20.7	53	10.8	20.1	9.86	1.1948	0.00	117	1	100.0	5
01/05/23	6:45	10.6	10.6	10.6	95	9.8	4.8	NE	0.40	8.0	NE	10.4	10.8	10.7	---	1020.4	0.00	0.0	0	0.00	0	0.027	0.000	20.7	53	10.7	20.0	9.87	1.1952	0.00	116	1	100.0	5
01/05/23	6:50	10.6	10.6	10.6	95	9.8	4.8	NE	0.40	11.3	E	10.5	10.8	10.7	---	1020.4	0.00	0.0	0	0.00	0	0.027	0.000	20.7	53	10.7	20.0	9.87	1.1952	0.00	116	1	100.0	5
01/05/23	6:55	10.6	10.6	10.6	95	9.8	4.8	ENE	0.40	9.7	NE	10.5	10.8	10.7	---	1020.5	0.00	0.0	0	0.00	0	0.027	0.000	20.7	53	10.7	20.0	9.87	1.1953	0.00	117	1	100.0	5
01/05/23	7:00	10.6	10.7	10.6	95	9.8	4.8	ENE	0.40	8.0	ENE	10.5	10.8	10.7	---	1020.5	0.00	0.0	0	0.00	0	0.027	0.000	20.7	53	10.7	20.0	9.87	1.1953	0.00	115	1	100.0	5
01/05/23	7:05	10.6	10.7	10.6	95	9.8	4.8	E	0.40	8.0	E	10.5	10.8	10.7	---	1020.6	0.00	0.0	0	0.00	0	0.027	0.000	20.7	53	10.7	20.0	9.87	1.1954	0.00	113	1	99.1	5
01/05/23	7:10	10.6	10.7	10.6	95	9.8	3.2	ENE	0.27	6.4	ENE	10.6	10.8	10.8	---	1020.5	0.00	0.0	5	0.04	7	0.027	0.000	20.7	53	10.8	20.1	9.86	1.1950	0.00	114	1	100.0	5
01/05/23	7:15	10.7	10.7	10.7	95	9.9	4.8	ENE	0.40	12.9	ENE	10.6	10.9	10.8	---	1020.5	0.00	0.0	7	0.05	7	0.027	0.000	20.7	53	10.8	20.1	9.86	1.1951	0.00	116	1	100.0	5
01/05/23	7:20	10.7	10.7	10.7	94	9.8	6.4	ENE	0.54	14.5	ENE	10.2	10.9	10.4	---	1020.6	0.00	0.0	7	0.05	9	0.026	0.000	20.7	53	10.8	20.1	9.86	1.1951	0.00	114	1	100.0	5
01/05/23	7:25	10.8	10.8	10.7	94	9.9	3.2	NE	0.27	6.4	NE	10.8	11.0	11.0	---	1020.7	0.00	0.0	8	0.06	11	0.026	0.000	20.7	53	10.7	20.0	9.87	1.1955	0.00	117	1	100.0	5
01/05/23	7:30	10.8	10.8	10.7	94	9.9	3.2	NE	0.27	8.0	ENE	10.8	11.0	11.0	---	1020.6	0.00	0.0	13	0.09	14	0.026	0.000	20.7	53	10.8	20.1	9.86	1.1952	0.00	117	1	100.0	5
01/05/23	7:35	10.8	10.8	10.8	94	9.9	3.2	NE	0.27	6.4	NE	10.8	11.1	11.1	---	1020.7	0.00	0.0	14	0.10	14	0.026	0.000	20.7	53	10.8	20.1	9.86	1.1953	0.00	113	1	99.1	5
01/05/23	7:40	10.8	10.8	10.8	94	9.9	3.2	NE	0.27	4.8	ENE	10.8	11.1	11.1	---	1020.7	0.00	0.0	14	0.10	16	0.026	0.000	20.7	53	10.8	20.1	9.86	1.1952	0.00	115	1	100.0	5
01/05/23	7:45	10.8	10.8	10.8	94	9.9	3.2	ENE	0.27	6.4	ENE	10.8	11.1	11.1	---	1020.7	0.00	0.0	20	0.14	25	0.026	0.000	20.7	53	10.8	20.1	9.86	1.1952	0.00	117	1	100.0	5
01/05/23	7:50	10.9	10.9	10.8	94	10.0	3.2	ENE	0.27	4.8	ENE	10.9	11.1	11.1	---	1020.6	0.00	0.0	25	0.18	25	0.026	0.000	20.7	53	10.8	20.1	9.86	1.1952	0.00	115	1	100.0	5
01/05/23	7:55	10.9	10.9	10.8	94	10.0	4.8	NE	0.40	8.0	NE	10.8	11.1	11.1	---	1020.7	0.00	0.0	26	0.19	28	0.026	0.000	20.7	53	10.8	20.1	9.86	1.1952	0.00	116	1	100.0	5
01/05/23	8:00	10.9	10.9	10.9	94	10.0	3.2	NE	0.27	6.4	NE	10.9	11.2	11.2	---	1020.7	0.00	0.0	35	0.25	42	0.026	0.000	20.7	53	10.8	20.1	9.86	1.1952	0.00	117	1	100.0	5
01/05/23	8:05	10.9	10.9	10.9	94	10.0	3.2	NE	0.27	6.4	NE	10.9	11.2	11.2	---	1020.8	0.00	0.0	50	0.36	51	0.026	0.000	20.7	53	10.8	20.1	9.86	1.1954	0.00	114	1	100.0	5
01/05/23	8:10	11.1	11.1	10.9	94	10.1	3.2	NE	0.27	8.0	NE	11.1	11.3	11.3	---	1020.9	0.00	0.0	42	0.30	51	0.025	0.000	20.7	53	10.8	20.1	9.86	1.1955	0.00	113	1	99.1	5
01/05/23	8:15	11.1	11.1	11.1	94	10.1	1.6	NE	0.13	6.4	NE	11.1	11.3	11.3	---	1020.7	0.00	0.0	47	0.34	63	0.025	0.000	20.7	53	10.8	20.1	9.86	1.1953	0.00	116	1	100.0	5
01/05/23	8:20	11.1	11.2	11.1	94	10.2	1.6	NE	0.13	1.6	NE	11.1	11.3	11.3	---	1020.7	0.00	0.0	71	0.51	76	0.025	0.000	20.7	53	10.8	20.1	9.86	1.1953	0.00	113	1	99.1	5
01/05/23	8:25	11.2	11.2	11.1	94	10.2	1.6	NE	0.13	3.2	NE	11.2	11.4	11.4	---	1020.8	0.00	0.0	78	0.56	88	0.025	0.000	20.7	52	10.5	20.0	9.66	1.1957	0.00	117	1	100.0	5
01/05/23	8:30	11.2	11.2	11.2	94	10.2	1.6	ENE	0.13	4.8	ENE	11.2	11.4	11.4	---	1020.8	0.00	0.0	76	0.54	98	0.025	0.000	20.8	53	10.8	20.1	9.86	1.1951	0.00	117	1	100.0	5
01/05/23	8:35	11.3	11.3	11.2	94	10.3	0.0	ENE	0.00	3.2	ENE	11.3	11.4	11.4	---	1020.8	0.00	0.0	115	0.82	123	0.024	0.000	20.8	53	10.8	20.1	9.86	1.1951	0.00	117	1	100.0	5
01/05/23	8:40	11.5	11.5	11.3	94	10.6	1.6	ENE	0.13	3.2	ENE	11.5	11.7	11.7	---	1020.7	0.00	0.0	270	1.94	316	0.024	0.000	20.8	53	10.8	20.1	9.86	1.1950	0.00	114	1	100.0	5
01/05/23	8:45	11.7	11.7	11.5	93	10.6	0.0	ENE	0.00	3.2	ENE	11.7	11.8	11.8	---	1020.9	0.00	0.0	187	1.34	327	0.023	0.000	20.8	52	10.6	20.0	9.66	1.1955	0.00	116	1	100.0	5
01/05/23	8:50	11.7	11.8	11.7	91	10.3	4.8	ENE	0.40	8.0	ENE	11.7	11.8	11.8	---	1020.8	0.00	0.0	144	1.03	146	0.023	0.000	20.8	52	10.6	20.1	9.66	1.1952	0.00	117	1	100.0	5
01/05/23	8:55	11.8	11.8	11.7	91	10.4	3.2	NE	0.27	6.4	E	11.8	11.9	11.9	---	1020.9	0.00	0.0	172	1.23	239	0.023	0.000	20.8	52	10.6	20.1	9.66	1.1953	0.00	117	1	100.0	5
01/05/23	9:00	11.9	11.9	11.8	91	10.5	1.6	ESE	0.13	4.8	E	11.9	12.0	12.0	---	1020.9	0.00	0.0	135	0.97	174	0.022	0.000	20.8	52	10.6	20.1	9.66	1.1953	0.08	117	1	100.0	5
01/05/23	9:05	11.9	12.0	11.9	90	10.4	3.2	NNE	0.27	6.4	N	11.9	12.0	12.0	---	1021.1	0.00	0.0	227	1.63	313	0.022	0.000	20.9	52	10.7	20.1	9.66	1.1952	0.00	116	1	100.0	5
01/05/23	9:10	12.1	12.1	11.9	90	10.5	3.2	N	0.27	8.0	NNE	12.1	12.1	12.1	---	1021.0	0.00	0.0	318	2.28	327	0.022	0.000	20.9	52	10.7	20.1	9.66	1.1951	0.00	114	1	100.0	5
01/05/23	9:15	12.1	12.1	12.1	89	10.4	3.2	N	0.27	6.4	NNW	12.1	12.2	12.2	---	1021.0	0.00	0.0	321	2.30	371	0.022	0.000	20.9	52	10.7	20.1	9.66	1.1951	0.00	116	1	100.0	5
01/05/23	9:20	12.3	12.3	12.1	88	10.3	3.2	E	0.27	8.0	E	12.3	12.3	12.3	---	1021.1	0.00	0.0	396	2.84	448	0.021	0.000	20.9	52	10.7	20.1	9.66	1.1952	0.00	116	1	100.0	5
01/05/23	9:25	12.3	12.3	12.3	88	10.4	4.8	N	0.40	11.3	NNE	12.3	12.3	12.3	---	1021.1	0.00	0.0	396	2.84	429	0.021	0.000	20.9	52	10.7	20.1	9.66	1.1952	0.00	117	1	100.0	5
01/05/23	9:30	12.5	12.5	12.3	87	10.4	6.4	N	0.54	11.3	NE	12.3	12.4	12.2	---	1021.1	0.00	0.0	408	2.92	439	0.020	0.000	20.9	52	10.7	20.2	9.66	1.1949	0.00	117	1	100.0	5
01/05/23	9:35	12.6	12.6	12.5	87	10.4	4.8	N	0.40	9.7	N	12.6	12.5	12.5	---	1021.2	0.00	0.0	178	1.28	207	0.020	0.000	20.9	52	10.7	20.2	9.66	1.1950	0.00	113	1	99.1	5
01/05/23	9:40	12.7	12.7	12.6	87	10.6	3.2	NE	0.27	6.4	NE	12.7	12.7	12.7	---	1021.2	0.00	0.0	201	1.44	216	0.019	0.000	20.9	52	10.7	20.1	9.66	1.1954	0.00	115	1	100.0	5
01/05/23	9:45	12.8	12.8	12.7	85	10.4	6.4	NE	0.54	16.1	E	12.6	12.7	12.5	---	1021.2	0.00	0.0	180	1.29	221	0.019	0.000	20.9	52	10.7	20.2	9.66	1.1951	0.00	113	1	99.1	5
01/05/23	9:50	12.9	12.9	12.8	83	10.1	9.7	NE	0.80	17.7	NE	12.2	12.8	12.1	---	1021.1	0.00	0.0	501	3.59	508	0.019	0.000	20.9	52	10.7	20.2	9.66	1.1950	0.00	116	1	100.0	5
01/05/23	9:55	13.0	13.0	12.9	83	10.2	8.0	NE	0.67	17.7	E	12.6	12.9	12.4	---	1021.2	0.00	0.0	477	3.42	503	0.019	0.000	20.9	52	10.7	20.2	9.66	1.1950	0.00	109	1	95.6	5
01/05/23	10:00	13.3	13.3	13.0	82	10.3	8.0	NE	0.67	16.1	ENE	12.9	13.1	12.7	---	1021.1	0.00	0.0	537	3.85	566	0.018	0.000	20.9	52	10.7	20.2	9.66	1.1949	0.18	113	1	99.1	5
01/05/23	10:05	13.6	13.6	13.2	80	10.2	8.0	ENE	0.67	17.7	NNE	13.2	13.4	13.0	---	1021.2	0.00	0.0	527	3.78	603	0.017	0.000	20.9	52	10.7	20.2	9.66	1.1950	0.00	112	1	98.2	5
01/05/23	10:10	13.7	13.7	13.6	80	10.3	6.4	ENE	0.54	12.9	ESE	13.7	13.6	13.5	---	1021.2	0.00	0.0	491	3.52	687	0.016	0.000	20.9	52	10.7	20.2	9.66	1.1950	0.00	114	1	100.0	5
01/05/23	10:15	13.6	13.8	13.6	80	10.2	6.4	N	0.54	14.5	N	13.6	13.4	13.4	---	1021.2	0.00	0.0	196	1.40	225	0.016	0.000	20.9	52	10.7	20.2	9.66	1.1950	0.00	116	1	100.0	5
01/05/23	10:20	13.4	13.6	13.4	82	10.4	6.4	N	0.54	16.1	NE	13.3	13.2	13.1	---	1021.2	0.00	0.0	156	1.12	178	0.017	0.000	20.9	52	10.7	20.2	9.66	1.1950	0.00	115	1	100.0	5
01/05/23	10:25	13.4	13.4	13.3	83	10.6	6.4	N	0.54	12.9	N	13.3	13.3	13.2	---	1021.2	0.00	0.0	171	1.23	178	0.017	0.000	20.9	52	10.7	20.1	9.66	1.1953	0.00	116	1	100.0	5
01/05/23	10:30	13.4	13.4	13.3	84	10.8	4.8	NE	0.40	12.9	NNW	13.4	13.3	13.3	---	1021.2	0.00	0.0	172	1.23	200	0.017	0.000	20.9	52	10.7	20.1	9.66	1.1953	0.00	116	1	100.0	5
01/05/23	10:35	13.4	13.5	13.4	83	10.6	6.4	ENE	0.54	11.3	N	13.3	13.3	13.2	---	1021.2	0.00	0.0	237	1.70	251	0.017	0.000	20.9	52	10.7	20.1	9.66	1.1953	0.00	114	1	100.0	5
01/05/23	10:40	13.6	13.6	13.4	83	10.7	4.8	ENE	0.40	14.5	E	13.6	13.4	13.4	---	1021.1	0.00	0.0	285	2.04	285	0.017	0.000	20.9	52	10.7	20.1	9.66	1.1952	0.00	116	1	100.0	5
01/05/23	10:45	13.8	13.8	13.6	82	10.8	3.2	NE	0.27	8.0	ESE	13.8	13.7	13.7	---	1021.1	0.00	0.0	646	4.63	654	0.016	0.000	20.9	52	10.7	20.2	9.66	1.1950	0.00	118	1	100.0	5
01/05/23	10:50	14.0	14.1	13.8	80	10.6	3.2	E	0.27	9.7	NNW	14.0	13.8	13.8	---	1021.2	0.00	0.0	279	2.00	441	0.015	0.000	20.9	52	10.7	20.2	9.66	1.1951	0.00	116	1	100.0	5
01/05/23	10:55	13.8	14.1	13.8	79	10.3	8.0	E	0.67	14.5	ENE	13.5	13.6	13.3	---	1021.2	0.00	0.0	123	0.88	149	0.016	0.000	20.9	52	10.7	20.2	9.66	1.1951	0.00	114	1	100.0	5
01/05/23	11:00	13.6	13.8	13.6	81	10.4	6.4	E	0.54	12.9	E	13.6	13.4	13.4	---	1021.2	0.00	0.0	139	1.00	160	0.016	0.000	20.9	52	10.7	20.1	9.66	1.1954	0.20	114	1	100.0	5
01/05/23	11:05	13.7	13.7	13.6	82	10.6	6.4	ENE	0.54	12.9	E	13.6	13.5	13.4	---	1021.2	0.00	0.0	207	1.48	250	0.016	0.000	20.9	52	10.7	20.1	9.66	1.1954	0.00	112	1	98.2	5
01/05/23	11:10	13.7	13.7	13.6	82	10.7	6.4	ENE	0.54	16.1	NNW	13.7	13.6	13.5	---	1021.2	0.00	0.0	477	3.42	967	0.016	0.000	20.9	52	10.7	20.1	9.66	1.1953	0.00	113	1	99.1	5
01/05/23	11:15	14.0	14.0	13.7	79	10.4	6.4	NE	0.54	17.7	N	14.0	13.8	13.8	---	1021.2	0.00	0.0	318	2.28	406	0.015	0.000	20.9	52	10.7	20.2	9.66	1.1950	0.00	117	1	100.0	5
01/05/23	11:20	14.1	14.1	14.0	77	10.1	9.7	NNW	0.80	19.3	NNE	13.6	13.8	13.3	---	1021.3	0.00	0.0	280	2.01	285	0.015	0.000	20.9	52	10.7	20.1	9.66	1.1954	0.00	113	1	99.1	5
01/05/23	11:25	14.0	14.1	13.9	77	10.0	9.7	NE	0.80	17.7	NNW	13.4	13.7	13.2	---	1021.3	0.00	0.0	280	2.01	315	0.015	0.000	20.9	51	10.4	20.1	9.46	1.1954	0.00	112	1	98.2	5
01/05/23	11:30	14.1	14.1	14.0	77	10.1	8.0	NE	0.67	14.5	N	13.8	13.8	13.5	---	1021.2	0.00	0.0	302	2.16	371	0.015	0.000	20.9	51	10.4	20.1	9.46	1.1953	0.00	110	1	96.5	5
01/05/23	11:35	14.6	14.6	14.1	77	10.6	6.4	NNW	0.54	14.5	NE	14.6	14.3	14.3	---	1021.2	0.00	0.0	956	6.85	965	0.013	0.000	20.9	51	10.4	20.1	9.46	1.1957	0.00	113	1	99.1	5
01/05/23	11:40	14.6	14.7	14.6	71	9.4	9.7	N	0.80	19.3	NNE	14.1	14.1	13.7	---	1021.4	0.00	0.0	207	1.48	227	0.013	0.000	20.9	51	10.4	20.1	9.46	1.1958	0.00	112	1	98.2	5
01/05/23	11:45	14.3	14.6	14.3	72	9.3	9.7	NE	0.80	20.9	NE	13.9	13.9	13.4	---	1021.4	0.00	0.0	188	1.35	251	0.014	0.000	20.9	51	10.4	20.1	9.46	1.1955	0.00	117	1	100.0	5
01/05/23	11:50	14.7	14.7	14.3	73	9.9	6.4	NE	0.54	16.1	NW	14.7	14.3	14.3	---	1021.3	0.00	0.0	917	6.57	953	0.013	0.000	20.9	51	10.4	20.1	9.46	1.1957	0.00	117	1	100.0	5
01/05/23	11:55	14.8	14.8	14.6	72	9.8	6.4	ENE	0.54	17.7	ENE	14.8	14.4	14.4	---	1021.3	0.00	0.0	334	2.39	403	0.012	0.000	20.9	51	10.4	20.1	9.46	1.1954	0.00	111	1	97.4	5
01/05/23	12:00	14.6	14.9	14.6	70	9.2	11.3	N	0.94	24.1	ENE	14.0	14.1	13.5	---	1021.4	0.00	0.0	265	1.90	292	0.013	0.000	20.9	51	10.4	20.1	9.46	1.1955	0.25	112	1	98.2	5
01/05/23	12:05	14.4	14.6	14.4	71	9.2	9.7	N	0.80	17.7	NNW	14.0	14.0	13.6	---	1021.4	0.00	0.0	502	3.60	1007	0.014	0.000	20.9	50	10.1	20.1	9.26	1.1958	0.00	111	1	97.4	5
01/05/23	12:10	14.9	14.9	14.5	70	9.5	8.0	NE	0.67	20.9	NE	14.8	14.4	14.3	---	1021.3	0.00	0.0	434	3.11	482	0.012	0.000	20.9	50	10.1	20.1	9.26	1.1958	0.00	115	1	100.0	5
01/05/23	12:15	15.2	15.2	14.9	68	9.3	8.0	NE	0.67	20.9	ENE	15.1	14.6	14.6	---	1021.5	0.00	0.0	348	2.49	348	0.011	0.000	20.9	50	10.1	20.1	9.26	1.1960	0.00	116	1	100.0	5
01/05/23	12:20	15.2	15.2	15.2	67	9.1	12.9	NE	1.07	20.9	ENE	14.3	14.6	13.7	---	1021.4	0.00	0.0	489	3.50	489	0.011	0.000	20.9	50	10.1	20.1	9.26	1.1958	0.00	105	1	92.1	5
01/05/23	12:25	15.1	15.2	15.0	68	9.2	11.3	NE	0.94	22.5	NE	14.5	14.5	13.9	---	1021.4	0.00	0.0	647	4.64	1123	0.011	0.000	20.9	50	10.1	20.1	9.26	1.1958	0.00	106	1	93.0	5
01/05/23	12:30	14.9	15.1	14.9	68	9.0	12.9	N	1.07	25.7	NNE	13.9	14.3	13.4	---	1021.4	0.00	0.0	266	1.91	288	0.012	0.000	21.0	50	10.2	20.1	9.25	1.1956	0.00	112	1	98.2	5
01/05/23	12:35	14.8	14.9	14.8	70	9.4	9.7	ENE	0.80	25.7	N	14.4	14.3	13.9	---	1021.4	0.00	0.0	256	1.83	271	0.012	0.000	20.9	50	10.1	20.1	9.26	1.1959	0.00	111	1	97.4	5
01/05/23	12:40	14.6	14.8	14.6	70	9.2	9.7	NE	0.80	22.5	NE	14.2	14.1	13.7	---	1021.5	0.00	0.0	278	1.99	285	0.013	0.000	20.9	50	10.1	20.1	9.26	1.1960	0.00	110	1	96.5	5
01/05/23	12:45	14.8	14.8	14.6	67	8.7	9.7	NE	0.80	22.5	NE	14.4	14.2	13.8	---	1021.6	0.00	0.0	288	2.06	288	0.012	0.000	20.9	49	9.8	20.0	9.06	1.1964	0.00	112	1	98.2	5
01/05/23	12:50	15.1	15.1	14.8	65	8.5	8.0	NNW	0.67	17.7	NNW	14.9	14.4	14.3	---	1021.4	0.00	0.0	754	5.40	1032	0.011	0.000	20.9	49	9.8	20.0	9.06	1.1962	0.00	113	1	99.1	5
01/05/23	12:55	15.5	15.5	15.1	64	8.7	11.3	N	0.94	25.7	NNW	15.1	14.8	14.4	---	1021.5	0.00	0.0	1047	7.50	1069	0.010	0.000	20.9	49	9.8	20.0	9.06	1.1963	0.00	110	1	96.5	5
01/05/23	13:00	15.9	15.9	15.5	64	9.1	8.0	NE	0.67	19.3	NE	15.9	15.3	15.3	---	1021.6	0.00	0.0	1069	7.66	1069	0.008	0.000	21.0	49	9.9	20.1	9.05	1.1961	0.38	112	1	98.2	5
01/05/23	13:05	15.8	15.9	15.8	66	9.5	8.0	NE	0.67	24.1	NE	15.8	15.3	15.3	---	1021.6	0.00	0.0	310	2.22	322	0.009	0.000	21.0	49	9.9	20.1	9.05	1.1961	0.00	112	1	98.2	5
01/05/23	13:10	15.7	15.8	15.7	66	9.4	8.0	NE	0.67	19.3	NNE	15.7	15.2	15.2	---	1021.6	0.00	0.0	331	2.37	369	0.009	0.000	21.0	49	9.9	20.1	9.05	1.1961	0.00	110	1	96.5	5
01/05/23	13:15	15.6	15.7	15.6	64	8.8	11.3	ENE	0.94	20.9	ENE	15.2	14.9	14.5	---	1021.6	0.00	0.0	368	2.64	369	0.009	0.000	21.0	49	9.9	20.1	9.05	1.1961	0.00	112	1	98.2	5
01/05/23	13:20	15.5	15.6	15.4	64	8.7	11.3	NE	0.94	20.9	NE	15.1	14.8	14.4	---	1021.5	0.00	0.0	699	5.01	995	0.010	0.000	20.9	49	9.8	20.0	9.06	1.1963	0.00	100	1	87.7	5
01/05/23	13:25	15.7	15.8	15.4	62	8.5	11.3	N	0.94	22.5	N	15.3	15.0	14.6	---	1021.5	0.00	0.0	1034	7.41	1072	0.009	0.000	20.9	49	9.8	20.0	9.06	1.1963	0.00	107	1	93.9	5
01/05/23	13:30	15.8	15.8	15.7	65	9.2	9.7	NE	0.80	22.5	NE	15.6	15.2	15.0	---	1021.6	0.00	0.0	354	2.54	367	0.009	0.000	20.9	48	9.5	19.9	8.86	1.1967	0.00	107	1	93.9	5
01/05/23	13:35	15.8	15.9	15.8	63	8.7	14.5	N	1.21	22.5	NE	14.6	15.1	13.9	---	1021.4	0.00	0.0	1095	7.85	1095	0.009	0.000	20.9	48	9.5	19.9	8.86	1.1965	0.00	112	1	98.2	5
01/05/23	13:40	15.8	15.8	15.7	65	9.2	11.3	ENE	0.94	22.5	NE	15.4	15.2	14.8	---	1021.4	0.00	0.0	301	2.16	352	0.009	0.000	20.9	48	9.5	19.9	8.86	1.1965	0.00	106	1	93.0	5
01/05/23	13:45	15.7	15.8	15.7	64	8.9	9.7	NE	0.80	22.5	NE	15.4	15.1	14.8	---	1021.4	0.00	0.0	288	2.06	299	0.009	0.000	20.9	48	9.5	19.9	8.86	1.1965	0.00	110	1	96.5	5
01/05/23	13:50	15.8	15.8	15.7	66	9.5	6.4	ENE	0.54	14.5	NE	15.8	15.3	15.3	---	1021.5	0.00	0.0	343	2.46	418	0.009	0.000	21.0	48	9.6	20.0	8.85	1.1963	0.00	110	1	96.5	5
01/05/23	13:55	15.7	15.9	15.7	65	9.2	11.3	E	0.94	19.3	E	15.3	15.1	14.7	---	1021.6	0.00	0.0	222	1.59	357	0.009	0.000	20.9	48	9.5	19.9	8.86	1.1967	0.00	110	1	96.5	5
01/05/23	14:00	15.4	15.7	15.4	66	9.1	8.0	N	0.67	16.1	NE	15.4	14.9	14.9	---	1021.5	0.00	0.0	196	1.40	204	0.010	0.000	20.9	48	9.5	19.9	8.86	1.1966	0.36	116	1	100.0	5
01/05/23	14:05	15.7	15.7	15.4	64	8.9	12.9	N	1.07	20.9	NE	14.8	15.1	14.2	---	1021.6	0.00	0.0	862	6.18	912	0.009	0.000	20.9	48	9.5	19.9	8.86	1.1967	0.00	112	1	98.2	5
01/05/23	14:10	16.2	16.2	15.7	63	9.2	9.7	NNE	0.80	19.3	NNW	16.1	15.6	15.5	---	1021.5	0.00	0.0	941	6.74	988	0.007	0.000	20.9	48	9.5	19.9	8.86	1.1965	0.00	113	1	99.1	5
01/05/23	14:15	16.3	16.6	16.3	59	8.3	11.3	NE	0.94	22.5	NE	16.1	15.6	15.3	---	1021.5	0.00	0.0	403	2.89	1000	0.007	0.000	20.9	48	9.5	19.9	8.86	1.1965	0.00	114	1	100.0	5
01/05/23	14:20	15.8	16.3	15.8	60	8.0	9.7	NE	0.80	20.9	NE	15.6	15.0	14.8	---	1021.4	0.00	0.0	236	1.69	237	0.009	0.000	20.9	48	9.5	19.9	8.86	1.1965	0.00	111	1	97.4	5
01/05/23	14:25	15.9	15.9	15.8	60	8.2	9.7	NE	0.80	20.9	ENE	15.8	15.2	15.0	---	1021.4	0.00	0.0	876	6.28	891	0.008	0.000	20.9	47	9.2	19.9	8.76	1.1967	0.00	116	1	100.0	5
01/05/23	14:30	16.5	16.5	16.0	57	7.9	9.7	NE	0.80	20.9	N	16.4	15.7	15.6	---	1021.3	0.00	0.0	900	6.45	905	0.006	0.000	20.9	47	9.2	19.9	8.76	1.1966	0.00	112	1	98.2	5
01/05/23	14:35	16.7	16.7	16.4	60	8.9	9.7	ENE	0.80	20.9	NNE	16.7	16.0	16.0	---	1021.3	0.00	0.0	696	4.99	1007	0.006	0.000	20.9	47	9.2	19.9	8.76	1.1967	0.00	114	1	100.0	5
01/05/23	14:40	16.3	16.7	16.3	59	8.2	9.7	NE	0.80	19.3	E	16.2	15.5	15.4	---	1021.3	0.00	0.0	248	1.78	295	0.007	0.000	20.9	47	9.2	19.9	8.76	1.1966	0.00	113	1	99.1	5
01/05/23	14:45	16.2	16.3	16.1	60	8.4	8.0	NE	0.67	17.7	NNE	16.2	15.4	15.4	---	1021.2	0.00	0.0	888	6.36	919	0.007	0.000	20.9	47	9.2	19.9	8.76	1.1965	0.00	109	1	95.6	5
01/05/23	14:50	16.6	16.7	16.2	58	8.3	8.0	E	0.67	20.9	NE	16.6	15.8	15.8	---	1021.3	0.00	0.0	889	6.37	914	0.006	0.000	20.9	47	9.2	19.9	8.76	1.1966	0.00	111	1	97.4	5
01/05/23	14:55	16.4	16.6	16.3	59	8.4	8.0	E	0.67	14.5	E	16.4	15.6	15.6	---	1021.2	0.00	0.0	236	1.69	236	0.007	0.000	20.9	47	9.2	19.9	8.76	1.1965	0.00	112	1	98.2	5
01/05/23	15:00	16.6	16.6	16.4	59	8.5	6.4	NE	0.54	20.9	ENE	16.6	15.8	15.8	---	1021.2	0.00	0.0	275	1.97	290	0.006	0.000	20.9	47	9.2	19.9	8.76	1.1965	0.46	114	1	100.0	5
01/05/23	15:05	16.6	16.6	16.6	57	8.0	11.3	NE	0.94	20.9	NE	16.3	15.7	15.5	---	1021.2	0.00	0.0	874	6.26	911	0.006	0.000	20.9	47	9.2	19.8	8.76	1.1968	0.00	111	1	97.4	5
01/05/23	15:10	16.8	16.8	16.6	57	8.2	8.0	ENE	0.67	20.9	ENE	16.8	15.9	15.9	---	1021.2	0.00	0.0	948	6.79	1000	0.005	0.000	20.9	46	8.9	19.8	8.65	1.1968	0.00	109	1	95.6	5
01/05/23	15:15	16.8	16.9	16.8	58	8.5	9.7	ENE	0.80	16.1	NE	16.8	16.1	16.1	---	1021.3	0.00	0.0	530	3.80	1009	0.005	0.000	20.9	46	8.9	19.8	8.65	1.1969	0.00	107	1	93.9	5
01/05/23	15:20	16.8	16.8	16.8	58	8.5	8.0	ENE	0.67	17.7	E	16.8	16.0	16.0	---	1021.2	0.00	0.0	327	2.34	369	0.005	0.000	20.9	46	8.9	19.8	8.65	1.1968	0.00	108	1	94.7	5
01/05/23	15:25	16.6	16.8	16.6	58	8.3	8.0	N	0.67	17.7	NNW	16.6	15.8	15.8	---	1021.3	0.00	0.0	255	1.83	267	0.006	0.000	20.9	46	8.9	19.8	8.65	1.1969	0.00	111	1	97.4	5
01/05/23	15:30	16.7	16.7	16.5	60	8.9	8.0	ENE	0.67	19.3	NNW	16.7	15.9	15.9	---	1021.4	0.00	0.0	258	1.85	271	0.006	0.000	20.9	46	8.9	19.8	8.65	1.1970	0.00	110	1	96.5	5
01/05/23	15:35	16.9	16.9	16.6	58	8.6	6.4	NE	0.54	12.9	NNE	16.9	16.1	16.1	---	1021.3	0.00	0.0	593	4.25	954	0.005	0.000	20.9	46	8.9	19.8	8.65	1.1969	0.00	116	1	100.0	5
01/05/23	15:40	16.8	16.9	16.8	57	8.2	9.7	ENE	0.80	19.3	E	16.8	15.9	15.9	---	1021.4	0.00	0.0	409	2.93	905	0.005	0.000	21.0	46	8.9	19.9	8.65	1.1967	0.00	101	1	88.6	5
01/05/23	15:45	16.7	16.8	16.7	56	7.8	12.9	ENE	1.07	25.7	NE	16.1	15.8	15.2	---	1021.3	0.00	0.0	630	4.52	884	0.006	0.000	21.0	46	8.9	19.9	8.65	1.1967	0.00	103	1	90.4	5
01/05/23	15:50	16.3	16.6	16.3	59	8.3	11.3	NE	0.94	20.9	NE	16.1	15.6	15.3	---	1021.5	0.00	0.0	193	1.38	195	0.007	0.000	21.0	46	8.9	19.9	8.65	1.1968	0.00	106	1	93.0	5
01/05/23	15:55	16.8	16.8	16.3	60	9.0	8.0	NE	0.67	16.1	NE	16.8	16.1	16.1	---	1021.3	0.00	0.0	742	5.32	912	0.005	0.000	21.0	46	8.9	19.9	8.65	1.1967	0.00	110	1	96.5	5
01/05/23	16:00	16.8	16.9	16.8	59	8.7	9.7	N	0.80	20.9	NNW	16.8	16.1	16.1	---	1021.4	0.00	0.0	262	1.88	302	0.005	0.000	21.0	46	8.9	19.9	8.65	1.1967	0.41	112	1	98.2	5
01/05/23	16:05	16.4	16.7	16.3	59	8.4	12.9	NE	1.07	19.3	ENE	15.7	15.6	14.9	---	1021.3	0.00	0.0	483	3.46	798	0.007	0.000	21.0	46	8.9	19.9	8.65	1.1967	0.00	104	1	91.2	5
01/05/23	16:10	16.9	16.9	16.4	56	8.1	8.0	ENE	0.67	19.3	NNE	16.9	16.1	16.1	---	1021.2	0.00	0.0	763	5.47	780	0.005	0.000	21.0	46	8.9	19.9	8.65	1.1966	0.00	108	1	94.7	5
01/05/23	16:15	17.1	17.2	16.9	57	8.5	9.7	NE	0.80	19.3	NE	17.1	16.3	16.3	---	1021.2	0.00	0.0	766	5.49	793	0.004	0.000	21.0	46	8.9	19.9	8.65	1.1965	0.00	109	1	95.6	5
01/05/23	16:20	17.0	17.1	16.9	57	8.4	9.7	NE	0.80	20.9	NNE	17.0	16.2	16.2	---	1021.2	0.00	0.0	716	5.13	891	0.005	0.000	21.0	46	8.9	19.9	8.65	1.1965	0.00	106	1	93.0	5
01/05/23	16:25	16.9	17.1	16.9	57	8.4	9.7	ENE	0.80	20.9	ESE	16.9	16.2	16.2	---	1021.2	0.00	0.0	242	1.73	248	0.005	0.000	21.0	46	8.9	19.9	8.65	1.1965	0.00	102	1	89.5	5
01/05/23	16:30	16.8	16.9	16.8	57	8.3	9.7	NE	0.80	22.5	E	16.8	16.0	16.0	---	1021.2	0.00	0.0	247	1.77	302	0.005	0.000	21.0	45	8.6	19.8	8.45	1.1968	0.00	109	1	95.6	5
01/05/23	16:35	16.7	16.8	16.6	59	8.6	11.3	ENE	0.94	19.3	NE	16.5	15.9	15.7	---	1021.2	0.00	0.0	205	1.47	214	0.006	0.000	21.0	45	8.6	19.8	8.45	1.1968	0.00	107	1	93.9	5
01/05/23	16:40	16.8	16.8	16.7	57	8.3	8.0	NE	0.67	16.1	ENE	16.8	16.0	16.0	---	1021.1	0.00	0.0	705	5.05	715	0.005	0.000	21.0	45	8.6	19.8	8.45	1.1967	0.00	113	1	99.1	5
01/05/23	16:45	17.1	17.1	16.8	55	7.9	8.0	NE	0.67	16.1	NE	17.1	16.2	16.2	---	1021.1	0.00	0.0	682	4.89	687	0.004	0.000	21.0	45	8.6	19.8	8.45	1.1967	0.00	114	1	100.0	5
01/05/23	16:50	17.2	17.2	17.1	55	8.1	12.9	ENE	1.07	25.7	ENE	16.7	16.4	15.9	---	1021.1	0.00	0.0	709	5.08	768	0.004	0.000	21.0	45	8.6	19.8	8.45	1.1967	0.00	111	1	97.4	5
01/05/23	16:55	17.3	17.3	17.2	55	8.1	8.0	NE	0.67	17.7	ENE	17.3	16.4	16.4	---	1021.1	0.00	0.0	329	2.36	362	0.004	0.000	21.0	45	8.6	19.8	8.45	1.1967	0.00	112	1	98.2	5
01/05/23	17:00	17.0	17.3	17.0	56	8.2	12.9	ENE	1.07	24.1	ENE	16.4	16.2	15.6	---	1021.0	0.00	0.0	182	1.30	220	0.005	0.000	21.0	45	8.6	19.8	8.45	1.1966	0.38	105	1	92.1	5
01/05/23	17:05	17.1	17.1	16.9	57	8.5	9.7	ENE	0.80	22.5	E	17.1	16.3	16.3	---	1021.1	0.00	0.0	349	2.50	624	0.004	0.000	21.0	45	8.6	19.8	8.45	1.1967	0.00	108	1	94.7	5
01/05/23	17:10	16.9	17.2	16.9	57	8.4	9.7	NE	0.80	19.3	ESE	16.9	16.2	16.2	---	1021.1	0.00	0.0	226	1.62	262	0.005	0.000	21.0	45	8.6	19.8	8.45	1.1967	0.00	109	1	95.6	5
01/05/23	17:15	16.8	16.9	16.8	59	8.8	6.4	NE	0.54	16.1	NNE	16.8	16.1	16.1	---	1021.1	0.00	0.0	258	1.85	297	0.005	0.000	21.0	45	8.6	19.8	8.45	1.1967	0.00	111	1	97.4	5
01/05/23	17:20	16.7	16.8	16.7	60	8.9	8.0	NE	0.67	19.3	NE	16.7	16.0	16.0	---	1021.1	0.00	0.0	216	1.55	239	0.006	0.000	21.0	45	8.6	19.8	8.45	1.1967	0.00	114	1	100.0	5
01/05/23	17:25	16.7	16.8	16.7	60	8.9	8.0	NE	0.67	16.1	ENE	16.7	16.0	16.0	---	1021.0	0.00	0.0	188	1.35	202	0.006	0.000	21.0	45	8.6	19.8	8.45	1.1966	0.00	110	1	96.5	5
01/05/23	17:30	16.6	16.7	16.6	60	8.8	6.4	ENE	0.54	16.1	ENE	16.6	15.9	15.9	---	1021.1	0.00	0.0	116	0.83	139	0.006	0.000	21.0	45	8.6	19.8	8.45	1.1967	0.00	113	1	99.1	5
01/05/23	17:35	16.5	16.6	16.5	63	9.4	6.4	NE	0.54	12.9	ENE	16.5	15.9	15.9	---	1021.1	0.00	0.0	116	0.83	151	0.006	0.000	20.9	45	8.6	19.8	8.46	1.1969	0.00	115	1	100.0	5
01/05/23	17:40	16.6	16.6	16.4	62	9.3	8.0	NE	0.67	17.7	NE	16.6	16.0	16.0	---	1021.0	0.00	0.0	167	1.20	220	0.006	0.000	21.0	45	8.6	19.8	8.45	1.1966	0.00	115	1	100.0	5
01/05/23	17:45	16.9	16.9	16.6	62	9.6	8.0	NE	0.67	20.9	N	16.9	16.3	16.3	---	1021.1	0.00	0.0	125	0.90	132	0.005	0.000	21.0	45	8.6	19.8	8.45	1.1967	0.00	107	1	93.9	5
01/05/23	17:50	17.3	17.3	16.9	60	9.4	8.0	ENE	0.67	20.9	N	17.3	16.6	16.6	---	1021.1	0.00	0.0	149	1.07	156	0.004	0.000	21.0	45	8.6	19.8	8.45	1.1967	0.00	115	1	100.0	5
01/05/23	17:55	17.4	17.4	17.3	58	9.0	9.7	NE	0.80	17.7	NE	17.4	16.7	16.7	---	1021.0	0.00	0.0	147	1.05	158	0.003	0.000	21.0	45	8.6	19.8	8.45	1.1966	0.00	112	1	98.2	5
01/05/23	18:00	17.4	17.4	17.4	58	9.0	12.9	NE	1.07	20.9	E	16.9	16.7	16.2	---	1021.0	0.00	0.0	148	1.06	162	0.003	0.000	21.0	45	8.6	19.8	8.45	1.1966	0.15	108	1	94.7	5
01/05/23	18:05	17.4	17.4	17.4	57	8.8	9.7	NE	0.80	17.7	NE	17.4	16.6	16.6	---	1021.1	0.00	0.0	197	1.41	206	0.003	0.000	21.0	45	8.6	19.8	8.45	1.1967	0.00	110	1	96.5	5
01/05/23	18:10	17.4	17.4	17.4	57	8.8	11.3	N	0.94	24.1	NNE	17.3	16.6	16.6	---	1021.1	0.00	0.0	252	1.81	309	0.003	0.000	21.0	45	8.6	19.8	8.45	1.1967	0.00	113	1	99.1	5
01/05/23	18:15	17.3	17.5	17.3	58	8.9	12.9	E	1.07	20.9	NE	16.8	16.6	16.1	---	1021.1	0.00	0.0	150	1.08	232	0.004	0.000	21.0	45	8.6	19.8	8.45	1.1967	0.00	104	1	91.2	5
01/05/23	18:20	16.8	17.2	16.8	60	9.0	11.3	E	0.94	19.3	E	16.7	16.1	16.0	---	1021.2	0.00	0.0	107	0.77	120	0.005	0.000	21.0	45	8.6	19.8	8.45	1.1968	0.00	107	1	93.9	5
01/05/23	18:25	16.8	16.8	16.8	60	9.0	11.3	ENE	0.94	20.9	NE	16.6	16.1	15.9	---	1021.2	0.00	0.0	346	2.48	468	0.005	0.000	21.0	45	8.6	19.8	8.45	1.1968	0.00	109	1	95.6	5
01/05/23	18:30	16.7	16.8	16.7	61	9.1	9.7	NE	0.80	19.3	NE	16.7	16.0	16.0	---	1021.2	0.00	0.0	95	0.68	105	0.006	0.000	20.9	45	8.6	19.8	8.46	1.1971	0.00	114	1	100.0	5
01/05/23	18:35	16.4	16.7	16.4	62	9.1	9.7	ENE	0.80	19.3	NE	16.4	15.8	15.7	---	1021.2	0.00	0.0	115	0.82	192	0.007	0.000	20.9	45	8.6	19.8	8.46	1.1971	0.00	114	1	100.0	5
01/05/23	18:40	16.7	16.7	16.4	60	8.9	9.7	E	0.80	22.5	E	16.7	15.9	15.9	---	1021.2	0.00	0.0	400	2.87	415	0.006	0.000	20.9	45	8.6	19.8	8.46	1.1971	0.00	114	1	100.0	5
01/05/23	18:45	16.9	16.9	16.7	60	9.1	11.3	ENE	0.94	19.3	ENE	16.8	16.2	16.1	---	1021.2	0.00	0.0	352	2.52	404	0.005	0.000	20.9	45	8.6	19.8	8.46	1.1971	0.00	113	1	99.1	5
01/05/23	18:50	16.9	16.9	16.9	61	9.4	9.7	E	0.80	20.9	E	16.9	16.3	16.3	---	1021.6	0.00	0.0	365	2.62	374	0.005	0.000	20.9	45	8.6	19.8	8.46	1.1976	0.00	112	1	98.2	5
01/05/23	18:55	17.1	17.1	16.9	61	9.5	9.7	ENE	0.80	17.7	NNE	17.1	16.4	16.4	---	1021.3	0.00	0.0	346	2.48	348	0.004	0.000	20.9	45	8.6	19.8	8.46	1.1973	0.00	111	1	97.4	5
01/05/23	19:00	17.0	17.1	16.9	61	9.4	11.3	NE	0.94	24.1	E	16.9	16.3	16.2	---	1021.4	0.00	0.0	344	2.47	350	0.005	0.000	20.9	46	8.9	19.8	8.65	1.1970	0.20	111	1	97.4	5
01/05/23	19:05	16.9	17.0	16.9	61	9.4	9.7	E	0.80	17.7	NE	16.9	16.3	16.3	---	1021.4	0.00	0.0	319	2.29	334	0.005	0.000	20.9	46	8.9	19.8	8.65	1.1970	0.00	117	1	100.0	5
01/05/23	19:10	17.0	17.0	16.9	62	9.7	4.8	NE	0.40	12.9	ENE	17.0	16.4	16.4	---	1021.4	0.00	0.0	293	2.10	302	0.005	0.000	20.9	46	8.9	19.8	8.65	1.1971	0.00	117	1	100.0	5
01/05/23	19:15	16.9	17.1	16.9	62	9.6	8.0	ENE	0.67	16.1	ESE	16.9	16.3	16.3	---	1021.5	0.00	0.0	277	1.99	287	0.005	0.000	20.9	46	8.9	19.8	8.65	1.1971	0.00	114	1	100.0	5
01/05/23	19:20	16.8	17.0	16.8	61	9.2	11.3	E	0.94	20.9	E	16.6	16.1	15.9	---	1021.5	0.00	0.0	258	1.85	264	0.005	0.000	20.9	46	8.9	19.8	8.65	1.1971	0.00	107	1	93.9	5
01/05/23	19:25	16.7	16.8	16.7	62	9.4	8.0	E	0.67	16.1	ESE	16.7	16.1	16.1	---	1021.4	0.00	0.0	239	1.71	246	0.006	0.000	20.9	46	8.8	19.8	8.65	1.1974	0.00	113	1	99.1	5
01/05/23	19:30	16.7	16.8	16.7	62	9.4	8.0	ENE	0.67	12.9	ENE	16.7	16.1	16.1	---	1021.5	0.00	0.0	226	1.62	229	0.006	0.000	20.9	46	8.9	19.8	8.65	1.1971	0.00	113	1	99.1	5
01/05/23	19:35	16.7	16.7	16.7	62	9.3	9.7	NE	0.80	17.7	NE	16.7	16.1	16.1	---	1021.4	0.00	0.0	212	1.52	218	0.006	0.000	20.9	46	8.9	19.8	8.65	1.1971	0.00	113	1	99.1	5
01/05/23	19:40	16.6	16.7	16.6	62	9.3	9.7	ENE	0.80	17.7	NE	16.6	16.0	16.0	---	1021.4	0.00	0.0	195	1.40	202	0.006	0.000	20.9	46	8.9	19.8	8.65	1.1970	0.00	112	1	98.2	5
01/05/23	19:45	16.6	16.6	16.6	62	9.3	8.0	NE	0.67	14.5	NE	16.6	16.0	16.0	---	1021.3	0.00	0.0	177	1.27	185	0.006	0.000	20.9	46	8.8	19.8	8.65	1.1972	0.00	117	1	100.0	5
01/05/23	19:50	16.7	16.7	16.6	63	9.6	6.4	ENE	0.54	14.5	ENE	16.7	16.1	16.1	---	1021.4	0.00	0.0	162	1.16	169	0.006	0.000	20.9	46	8.9	19.8	8.65	1.1970	0.00	114	1	100.0	5
01/05/23	19:55	16.6	16.7	16.6	63	9.5	8.0	ENE	0.67	20.9	ENE	16.6	15.9	15.9	---	1021.5	0.00	0.0	149	1.07	153	0.006	0.000	20.9	46	8.9	19.8	8.65	1.1971	0.00	111	1	97.4	5
01/05/23	20:00	16.5	16.6	16.5	62	9.2	9.7	ENE	0.80	16.1	ESE	16.4	15.8	15.8	---	1021.5	0.00	0.0	148	1.06	149	0.006	0.000	20.9	46	8.9	19.8	8.65	1.1971	0.15	111	1	97.4	5
01/05/23	20:05	16.4	16.5	16.4	62	9.1	6.4	NE	0.54	17.7	NNE	16.4	15.8	15.8	---	1021.4	0.00	0.0	132	0.95	144	0.007	0.000	20.9	46	8.8	19.8	8.65	1.1973	0.00	116	1	100.0	5
01/05/23	20:10	16.4	16.5	16.4	62	9.1	8.0	ENE	0.67	14.5	E	16.4	15.8	15.8	---	1021.4	0.00	0.0	104	0.75	113	0.007	0.000	20.9	46	8.8	19.8	8.65	1.1974	0.00	115	1	100.0	5
01/05/23	20:15	16.3	16.4	16.3	62	9.0	8.0	ENE	0.67	20.9	NE	16.3	15.7	15.7	---	1021.5	0.00	0.0	87	0.62	93	0.007	0.000	20.9	46	8.8	19.8	8.65	1.1974	0.00	115	1	100.0	5
01/05/23	20:20	16.2	16.3	16.2	63	9.1	11.3	NE	0.94	17.7	NE	15.8	15.5	15.2	---	1021.5	0.00	0.0	72	0.52	77	0.008	0.000	20.9	47	9.2	19.8	8.76	1.1971	0.00	109	1	95.6	5
01/05/23	20:25	16.0	16.1	16.0	64	9.2	8.0	ENE	0.67	17.7	ENE	16.0	15.4	15.4	---	1021.5	0.00	0.0	61	0.44	65	0.008	0.000	20.9	47	9.2	19.8	8.76	1.1971	0.00	117	1	100.0	5
01/05/23	20:30	15.9	16.0	15.9	65	9.3	9.7	ENE	0.80	16.1	ENE	15.7	15.3	15.2	---	1021.6	0.00	0.0	49	0.35	54	0.008	0.000	20.9	47	9.2	19.8	8.76	1.1973	0.00	116	1	100.0	5
01/05/23	20:35	15.8	15.9	15.8	66	9.4	8.0	ENE	0.67	17.7	NE	15.8	15.2	15.2	---	1021.7	0.00	0.0	37	0.27	42	0.009	0.000	20.9	47	9.2	19.8	8.76	1.1973	0.00	115	1	100.0	5
01/05/23	20:40	15.7	15.8	15.6	67	9.6	8.0	E	0.67	16.1	E	15.7	15.1	15.1	---	1021.7	0.00	0.0	28	0.20	32	0.009	0.000	20.9	47	9.2	19.8	8.76	1.1974	0.00	114	1	100.0	5
01/05/23	20:45	15.6	15.7	15.5	67	9.4	8.0	ENE	0.67	14.5	ENE	15.6	15.0	15.0	---	1021.8	0.00	0.0	23	0.16	25	0.010	0.000	20.9	47	9.2	19.8	8.76	1.1975	0.00	114	1	100.0	5
01/05/23	20:50	15.4	15.5	15.4	68	9.5	4.8	ENE	0.40	11.3	E	15.4	14.9	14.9	---	1021.8	0.00	0.0	16	0.11	18	0.010	0.000	20.8	47	9.1	19.8	8.76	1.1977	0.00	113	1	99.1	5
01/05/23	20:55	15.3	15.4	15.2	69	9.6	4.8	ENE	0.40	8.0	NE	15.3	14.8	14.8	---	1021.8	0.00	0.0	13	0.09	14	0.011	0.000	20.8	47	9.1	19.8	8.76	1.1978	0.00	116	1	100.0	5
01/05/23	21:00	15.1	15.3	15.1	69	9.5	4.8	ENE	0.40	9.7	ESE	15.1	14.6	14.6	---	1021.9	0.00	0.0	9	0.06	11	0.011	0.000	20.8	47	9.1	19.8	8.76	1.1979	0.05	116	1	100.0	5
01/05/23	21:05	14.9	15.1	14.9	70	9.5	3.2	ENE	0.27	4.8	ENE	14.9	14.4	14.4	---	1021.9	0.00	0.0	7	0.05	7	0.012	0.000	20.8	47	9.1	19.8	8.76	1.1979	0.00	116	1	100.0	5
01/05/23	21:10	14.8	14.9	14.8	71	9.6	3.2	E	0.27	11.3	E	14.8	14.3	14.3	---	1021.9	0.00	0.0	3	0.02	5	0.012	0.000	20.8	47	9.1	19.8	8.76	1.1979	0.00	117	1	100.0	5
01/05/23	21:15	14.7	14.8	14.7	72	9.7	4.8	E	0.40	12.9	E	14.7	14.3	14.3	---	1021.9	0.00	0.0	0	0.00	0	0.013	0.000	20.8	47	9.1	19.8	8.76	1.1979	0.00	114	1	100.0	5
01/05/23	21:20	14.6	14.7	14.6	72	9.6	6.4	ENE	0.54	20.9	E	14.6	14.2	14.2	---	1022.1	0.00	0.0	0	0.00	0	0.013	0.000	20.8	47	9.0	19.7	8.76	1.1984	0.00	111	1	97.4	5
01/05/23	21:25	14.5	14.6	14.5	73	9.7	6.4	E	0.54	14.5	E	14.5	14.1	14.1	---	1022.1	0.00	0.0	0	0.00	0	0.013	0.000	20.8	47	9.0	19.7	8.76	1.1984	0.00	116	1	100.0	5
01/05/23	21:30	14.4	14.6	14.4	73	9.6	4.8	E	0.40	12.9	E	14.4	14.0	14.0	---	1022.2	0.00	0.0	0	0.00	0	0.014	0.000	20.8	47	9.0	19.7	8.76	1.1984	0.00	118	1	100.0	5
01/05/23	21:35	14.3	14.4	14.3	74	9.8	6.4	E	0.54	14.5	ESE	14.3	13.9	13.9	---	1022.2	0.00	0.0	0	0.00	0	0.014	0.000	20.8	47	9.0	19.7	8.76	1.1985	0.00	116	1	100.0	5
01/05/23	21:40	14.2	14.3	14.2	74	9.6	4.8	E	0.40	11.3	E	14.2	13.8	13.8	---	1022.4	0.00	0.0	0	0.00	0	0.014	0.000	20.7	47	9.0	19.7	8.76	1.1990	0.00	117	1	100.0	5
01/05/23	21:45	14.1	14.2	14.1	75	9.7	4.8	ENE	0.40	14.5	ENE	14.1	13.7	13.7	---	1022.5	0.00	0.0	0	0.00	0	0.015	0.000	20.7	47	9.0	19.7	8.76	1.1991	0.00	115	1	100.0	5
01/05/23	21:50	13.9	14.1	13.9	75	9.5	4.8	E	0.40	12.9	ENE	13.9	13.6	13.6	---	1022.4	0.00	0.0	0	0.00	0	0.015	0.000	20.7	47	9.0	19.7	8.76	1.1990	0.00	112	1	98.2	5
01/05/23	21:55	13.8	13.9	13.8	75	9.5	4.8	E	0.40	9.7	E	13.8	13.5	13.5	---	1022.5	0.00	0.0	0	0.00	0	0.016	0.000	20.7	47	9.0	19.7	8.76	1.1992	0.00	116	1	100.0	5
01/05/23	22:00	13.7	13.8	13.7	75	9.4	4.8	E	0.40	9.7	E	13.7	13.4	13.4	---	1022.6	0.00	0.0	0	0.00	0	0.016	0.000	20.7	47	9.0	19.7	8.76	1.1992	0.00	116	1	100.0	5
01/05/23	22:05	13.7	13.7	13.6	75	9.3	4.8	ENE	0.40	9.7	E	13.7	13.3	13.3	---	1022.7	0.00	0.0	0	0.00	0	0.016	0.000	20.7	48	9.3	19.8	8.86	1.1990	0.00	117	1	100.0	5
01/05/23	22:10	13.5	13.6	13.5	76	9.4	4.8	ENE	0.40	11.3	ESE	13.5	13.2	13.2	---	1022.7	0.00	0.0	0	0.00	0	0.017	0.000	20.7	48	9.3	19.8	8.86	1.1991	0.00	117	1	100.0	5
01/05/23	22:15	13.4	13.6	13.4	76	9.2	4.8	E	0.40	9.7	ESE	13.4	13.1	13.1	---	1022.7	0.00	0.0	0	0.00	0	0.017	0.000	20.7	48	9.3	19.7	8.87	1.1994	0.00	114	1	100.0	5
01/05/23	22:20	13.3	13.4	13.3	76	9.2	4.8	E	0.40	9.7	ESE	13.3	13.1	13.1	---	1022.9	0.00	0.0	0	0.00	0	0.017	0.000	20.7	48	9.3	19.8	8.86	1.1993	0.00	113	1	99.1	5
01/05/23	22:25	13.3	13.3	13.3	76	9.1	3.2	E	0.27	6.4	NE	13.3	13.0	13.0	---	1022.9	0.00	0.0	0	0.00	0	0.018	0.000	20.7	48	9.3	19.8	8.86	1.1993	0.00	117	1	100.0	5
01/05/23	22:30	13.2	13.3	13.2	77	9.2	3.2	NE	0.27	6.4	NE	13.2	12.9	12.9	---	1022.9	0.00	0.0	0	0.00	0	0.018	0.000	20.7	48	9.3	19.7	8.87	1.1996	0.00	117	1	100.0	5
01/05/23	22:35	13.1	13.2	13.1	77	9.1	1.6	NE	0.13	4.8	NE	13.1	12.8	12.8	---	1022.9	0.00	0.0	0	0.00	0	0.018	0.000	20.7	48	9.3	19.7	8.87	1.1996	0.00	118	1	100.0	5
01/05/23	22:40	13.0	13.1	13.0	77	9.1	1.6	NE	0.13	3.2	N	13.0	12.7	12.7	---	1023.0	0.00	0.0	0	0.00	0	0.019	0.000	20.7	48	9.3	19.7	8.87	1.1997	0.00	116	1	100.0	5
01/05/23	22:45	12.9	13.0	12.9	78	9.1	1.6	NE	0.13	6.4	ENE	12.9	12.7	12.7	---	1023.0	0.00	0.0	0	0.00	0	0.019	0.000	20.7	48	9.3	19.7	8.87	1.1997	0.00	115	1	100.0	5
01/05/23	22:50	12.8	12.9	12.8	78	9.1	1.6	E	0.13	4.8	E	12.8	12.6	12.6	---	1023.0	0.00	0.0	0	0.00	0	0.019	0.000	20.7	48	9.3	19.7	8.87	1.1997	0.00	115	1	100.0	5
01/05/23	22:55	12.7	12.8	12.7	78	9.0	1.6	ENE	0.13	4.8	ENE	12.7	12.5	12.5	---	1023.1	0.00	0.0	0	0.00	0	0.019	0.000	20.7	48	9.3	19.7	8.87	1.1998	0.00	116	1	100.0	5
01/05/23	23:00	12.7	12.7	12.7	78	8.9	1.6	ENE	0.13	4.8	E	12.7	12.4	12.4	---	1023.2	0.00	0.0	0	0.00	0	0.020	0.000	20.6	48	9.2	19.7	8.87	1.2003	0.00	116	1	100.0	5
01/05/23	23:05	12.5	12.7	12.5	79	9.0	3.2	ENE	0.27	4.8	ENE	12.5	12.3	12.3	---	1023.2	0.00	0.0	0	0.00	0	0.020	0.000	20.7	48	9.3	19.7	8.87	1.2000	0.00	117	1	100.0	5
01/05/23	23:10	12.4	12.5	12.4	79	8.8	4.8	NE	0.40	8.0	NE	12.4	12.2	12.2	---	1023.2	0.00	0.0	0	0.00	0	0.021	0.000	20.6	48	9.2	19.7	8.87	1.2003	0.00	117	1	100.0	5
01/05/23	23:15	12.3	12.4	12.3	79	8.8	4.8	ENE	0.40	8.0	NE	12.3	12.1	12.1	---	1023.3	0.00	0.0	0	0.00	0	0.021	0.000	20.6	48	9.2	19.7	8.87	1.2003	0.00	116	1	100.0	5
01/05/23	23:20	12.2	12.3	12.2	80	8.9	3.2	ENE	0.27	6.4	ENE	12.2	12.1	12.1	---	1023.3	0.00	0.0	0	0.00	0	0.021	0.000	20.6	48	9.2	19.7	8.87	1.2003	0.00	113	1	99.1	5
01/05/23	23:25	12.1	12.2	12.1	81	8.9	3.2	ENE	0.27	8.0	NE	12.1	11.9	11.9	---	1023.3	0.00	0.0	0	0.00	0	0.022	0.000	20.6	48	9.2	19.7	8.87	1.2004	0.00	116	1	100.0	5
01/05/23	23:30	11.9	12.1	11.9	81	8.8	3.2	NE	0.27	8.0	NE	11.9	11.8	11.8	---	1023.4	0.00	0.0	0	0.00	0	0.022	0.000	20.6	48	9.2	19.6	8.87	1.2008	0.00	116	1	100.0	5
01/05/23	23:35	11.7	11.9	11.7	82	8.7	3.2	NE	0.27	6.4	NNE	11.7	11.6	11.6	---	1023.6	0.00	0.0	0	0.00	0	0.023	0.000	20.6	48	9.2	19.7	8.87	1.2007	0.00	116	1	100.0	5
01/05/23	23:40	11.5	11.7	11.5	83	8.7	4.8	NNE	0.40	6.4	N	11.5	11.4	11.4	---	1023.6	0.00	0.0	0	0.00	0	0.024	0.000	20.6	48	9.2	19.7	8.87	1.2007	0.00	118	1	100.0	5
01/05/23	23:45	11.3	11.5	11.3	83	8.5	4.8	NE	0.40	8.0	NNE	11.3	11.3	11.2	---	1023.7	0.00	0.0	0	0.00	0	0.024	0.000	20.6	48	9.2	19.7	8.87	1.2009	0.00	117	1	100.0	5
01/05/23	23:50	11.2	11.3	11.2	84	8.6	3.2	ENE	0.27	6.4	NNE	11.2	11.1	11.1	---	1023.7	0.00	0.0	0	0.00	0	0.025	0.000	20.6	48	9.2	19.6	8.87	1.2011	0.00	114	1	100.0	5
01/05/23	23:55	11.1	11.2	11.1	84	8.5	3.2	ENE	0.27	4.8	ENE	11.1	11.1	11.1	---	1023.7	0.00	0.0	0	0.00	0	0.025	0.000	20.6	48	9.2	19.6	8.87	1.2011	0.00	115	1	100.0	5
02/05/23	00:00	11.1	11.1	11.1	85	8.6	3.2	ENE	0.27	6.4	ENE	11.1	11.1	11.1	---	1023.6	0.00	0.0	0	0.00	0	0.025	0.000	20.6	48	9.2	19.6	8.87	1.2010	0.00	117	1	100.0	5
02/05/23	0:05	11.1	11.1	11.1	85	8.7	4.8	E	0.40	8.0	ENE	11.1	11.1	11.1	---	1023.7	0.00	0.0	0	0.00	0	0.025	0.000	20.5	48	9.1	19.6	8.87	1.2014	0.00	115	1	100.0	5
02/05/23	0:10	11.2	11.2	11.1	84	8.6	4.8	E	0.40	9.7	E	11.1	11.1	11.1	---	1023.7	0.00	0.0	0	0.00	0	0.025	0.000	20.6	48	9.2	19.6	8.87	1.2011	0.00	117	1	100.0	5
02/05/23	0:15	11.2	11.2	11.1	84	8.6	4.8	E	0.40	9.7	E	11.1	11.1	11.1	---	1023.7	0.00	0.0	0	0.00	0	0.025	0.000	20.5	48	9.1	19.6	8.87	1.2014	0.00	117	1	100.0	5
02/05/23	0:20	11.2	11.2	11.1	84	8.6	4.8	E	0.40	9.7	E	11.1	11.1	11.1	---	1023.8	0.00	0.0	0	0.00	0	0.025	0.000	20.5	48	9.1	19.6	8.87	1.2015	0.00	114	1	100.0	5
02/05/23	0:25	11.2	11.2	11.1	84	8.6	4.8	E	0.40	9.7	ENE	11.1	11.1	11.1	---	1023.8	0.00	0.0	0	0.00	0	0.025	0.000	20.5	48	9.1	19.6	8.87	1.2015	0.00	115	1	100.0	5
02/05/23	0:30	11.1	11.2	11.1	84	8.5	4.8	E	0.40	9.7	E	11.1	11.1	11.1	---	1023.8	0.00	0.0	0	0.00	0	0.025	0.000	20.5	48	9.1	19.6	8.87	1.2015	0.00	116	1	100.0	5
02/05/23	0:35	11.1	11.2	11.1	84	8.5	3.2	E	0.27	4.8	E	11.1	11.1	11.1	---	1023.9	0.00	0.0	0	0.00	0	0.025	0.000	20.5	48	9.1	19.6	8.87	1.2016	0.00	117	1	100.0	5
02/05/23	0:40	11.1	11.1	11.1	85	8.7	3.2	NE	0.27	4.8	ENE	11.1	11.1	11.1	---	1023.8	0.00	0.0	0	0.00	0	0.025	0.000	20.5	49	9.4	19.6	9.07	1.2013	0.00	117	1	100.0	5
02/05/23	0:45	11.0	11.1	11.0	85	8.6	3.2	ENE	0.27	6.4	E	11.0	11.0	11.0	---	1023.8	0.00	0.0	0	0.00	0	0.025	0.000	20.4	49	9.4	19.6	9.07	1.2014	0.00	117	1	100.0	5
02/05/23	0:50	11.0	11.0	10.9	85	8.6	3.2	E	0.27	4.8	E	11.0	11.0	11.0	---	1023.9	0.00	0.0	0	0.00	0	0.025	0.000	20.5	49	9.4	19.6	9.07	1.2013	0.00	117	1	100.0	5
02/05/23	0:55	10.9	10.9	10.9	85	8.5	1.6	E	0.13	4.8	E	10.9	10.9	10.9	---	1023.9	0.00	0.0	0	0.00	0	0.026	0.000	20.4	49	9.4	19.6	9.07	1.2016	0.00	114	1	100.0	5
02/05/23	1:00	10.8	10.9	10.8	85	8.4	0.0	E	0.00	1.6	E	10.8	10.8	10.8	---	1023.8	0.00	0.0	0	0.00	0	0.026	0.000	20.4	49	9.4	19.6	9.07	1.2014	0.00	114	1	100.0	5
02/05/23	1:05	10.8	10.9	10.8	86	8.6	3.2	ENE	0.27	4.8	E	10.8	10.8	10.8	---	1023.7	0.00	0.0	0	0.00	0	0.026	0.000	20.5	49	9.4	19.6	9.07	1.2011	0.00	117	1	100.0	5
02/05/23	1:10	10.7	10.8	10.7	86	8.5	3.2	NE	0.27	4.8	NE	10.7	10.7	10.7	---	1023.7	0.00	0.0	0	0.00	0	0.026	0.000	20.4	49	9.4	19.6	9.07	1.2014	0.00	117	1	100.0	5
02/05/23	1:15	10.7	10.7	10.7	86	8.4	4.8	NE	0.40	8.0	NE	10.6	10.7	10.6	---	1023.8	0.00	0.0	0	0.00	0	0.027	0.000	20.4	49	9.4	19.6	9.07	1.2015	0.00	117	1	100.0	5
02/05/23	1:20	10.6	10.7	10.6	86	8.3	3.2	ENE	0.27	6.4	E	10.6	10.6	10.6	---	1023.8	0.00	0.0	0	0.00	0	0.027	0.000	20.4	49	9.4	19.6	9.07	1.2015	0.00	114	1	100.0	5
02/05/23	1:25	10.3	10.6	10.3	87	8.3	3.2	ENE	0.27	6.4	ENE	10.3	10.4	10.4	---	1023.7	0.00	0.0	0	0.00	0	0.028	0.000	20.4	49	9.4	19.6	9.07	1.2014	0.00	116	1	100.0	5
02/05/23	1:30	10.3	10.4	10.3	87	8.3	3.2	NE	0.27	6.4	NE	10.3	10.4	10.4	---	1023.8	0.00	0.0	0	0.00	0	0.028	0.000	20.4	49	9.4	19.6	9.07	1.2014	0.00	112	1	98.2	5
02/05/23	1:35	10.3	10.3	10.3	87	8.2	3.2	NE	0.27	6.4	NE	10.3	10.3	10.3	---	1023.8	0.00	0.0	0	0.00	0	0.028	0.000	20.4	49	9.4	19.6	9.07	1.2015	0.00	116	1	100.0	5
02/05/23	1:40	10.2	10.3	10.2	88	8.3	3.2	ENE	0.27	6.4	E	10.2	10.3	10.3	---	1023.8	0.00	0.0	0	0.00	0	0.028	0.000	20.4	49	9.4	19.6	9.07	1.2014	0.00	117	1	100.0	5
02/05/23	1:45	10.1	10.2	10.1	88	8.2	1.6	ENE	0.13	4.8	ENE	10.1	10.2	10.2	---	1023.7	0.00	0.0	0	0.00	0	0.029	0.000	20.4	49	9.3	19.5	9.08	1.2017	0.00	117	1	100.0	5
02/05/23	1:50	9.9	10.1	9.9	88	8.0	4.8	NE	0.40	8.0	NE	9.8	10.1	9.9	---	1023.7	0.00	0.0	0	0.00	0	0.029	0.000	20.4	49	9.3	19.5	9.08	1.2016	0.00	117	1	100.0	5
02/05/23	1:55	9.9	9.9	9.9	89	8.2	3.2	NE	0.27	6.4	ENE	9.9	10.1	10.1	---	1023.8	0.00	0.0	0	0.00	0	0.029	0.000	20.4	49	9.3	19.5	9.08	1.2018	0.00	117	1	100.0	5
02/05/23	2:00	9.8	9.9	9.8	88	7.9	3.2	NE	0.27	4.8	NE	9.8	9.9	9.9	---	1023.8	0.00	0.0	0	0.00	0	0.030	0.000	20.4	49	9.3	19.5	9.08	1.2017	0.00	114	1	100.0	5
02/05/23	2:05	9.6	9.8	9.6	89	7.9	0.0	NE	0.00	3.2	NE	9.6	9.8	9.8	---	1023.9	0.00	0.0	0	0.00	0	0.030	0.000	20.4	49	9.3	19.5	9.08	1.2018	0.00	114	1	100.0	5
02/05/23	2:10	9.5	9.6	9.5	89	7.8	4.8	NNE	0.40	6.4	NNE	9.2	9.7	9.4	---	1023.8	0.00	0.0	0	0.00	0	0.031	0.000	20.4	49	9.3	19.5	9.08	1.2018	0.00	116	1	100.0	5
02/05/23	2:15	9.4	9.5	9.4	90	7.9	3.2	NE	0.27	4.8	N	9.4	9.6	9.6	---	1023.8	0.00	0.0	0	0.00	0	0.031	0.000	20.4	49	9.3	19.5	9.08	1.2017	0.00	117	1	100.0	5
02/05/23	2:20	9.4	9.4	9.4	90	7.8	3.2	NNE	0.27	6.4	NNE	9.4	9.6	9.6	---	1023.9	0.00	0.0	0	0.00	0	0.031	0.000	20.3	49	9.3	19.4	9.08	1.2021	0.00	113	1	99.1	5
02/05/23	2:25	9.3	9.4	9.3	90	7.7	3.2	NNE	0.27	6.4	NNE	9.3	9.4	9.4	---	1023.8	0.00	0.0	0	0.00	0	0.031	0.000	20.4	49	9.3	19.5	9.08	1.2018	0.00	117	1	100.0	5
02/05/23	2:30	9.2	9.3	9.2	90	7.7	3.2	NE	0.27	4.8	NE	9.2	9.4	9.4	---	1023.8	0.00	0.0	0	0.00	0	0.032	0.000	20.3	49	9.3	19.4	9.08	1.2020	0.00	116	1	100.0	5
02/05/23	2:35	9.2	9.2	9.2	91	7.8	3.2	NNE	0.27	4.8	NE	9.2	9.3	9.3	---	1023.7	0.00	0.0	0	0.00	0	0.032	0.000	20.4	49	9.3	19.5	9.08	1.2017	0.00	113	1	99.1	5
02/05/23	2:40	9.1	9.2	9.1	91	7.7	3.2	NNE	0.27	4.8	NNE	9.1	9.2	9.2	---	1023.8	0.00	0.0	0	0.00	0	0.032	0.000	20.3	49	9.3	19.4	9.08	1.2020	0.00	113	1	99.1	5
02/05/23	2:45	9.1	9.1	9.1	91	7.7	3.2	NNE	0.27	4.8	NNE	9.1	9.2	9.2	---	1023.7	0.00	0.0	0	0.00	0	0.032	0.000	20.3	49	9.3	19.4	9.08	1.2020	0.00	117	1	100.0	5
02/05/23	2:50	9.1	9.1	9.1	91	7.7	3.2	N	0.27	4.8	NE	9.1	9.2	9.2	---	1023.7	0.00	0.0	0	0.00	0	0.032	0.000	20.3	49	9.3	19.4	9.08	1.2020	0.00	117	1	100.0	5
02/05/23	2:55	9.0	9.1	8.9	91	7.6	3.2	NNE	0.27	6.4	NNE	9.0	9.2	9.2	---	1023.6	0.00	0.0	0	0.00	0	0.032	0.000	20.3	49	9.3	19.4	9.08	1.2018	0.00	117	1	100.0	5
02/05/23	3:00	8.9	9.0	8.9	91	7.5	3.2	NNE	0.27	6.4	NNE	8.9	9.0	9.0	---	1023.7	0.00	0.0	0	0.00	0	0.033	0.000	20.3	49	9.3	19.4	9.08	1.2019	0.00	117	1	100.0	5
02/05/23	3:05	8.9	8.9	8.8	91	7.5	3.2	NE	0.27	6.4	N	8.9	9.0	9.0	---	1023.7	0.00	0.0	0	0.00	0	0.033	0.000	20.3	49	9.2	19.4	9.08	1.2022	0.00	116	1	100.0	5
02/05/23	3:10	8.8	8.9	8.8	91	7.4	3.2	NE	0.27	4.8	NE	8.8	8.9	8.9	---	1023.7	0.00	0.0	0	0.00	0	0.033	0.000	20.3	49	9.2	19.4	9.08	1.2022	0.00	113	1	99.1	5
02/05/23	3:15	8.7	8.8	8.7	92	7.5	3.2	NE	0.27	6.4	NE	8.7	8.9	8.9	---	1023.7	0.00	0.0	0	0.00	0	0.033	0.000	20.3	49	9.2	19.4	9.08	1.2022	0.00	115	1	100.0	5
02/05/23	3:20	8.7	8.7	8.6	92	7.4	3.2	NE	0.27	6.4	NE	8.7	8.8	8.8	---	1023.8	0.00	0.0	0	0.00	0	0.034	0.000	20.3	49	9.2	19.4	9.08	1.2023	0.00	114	1	100.0	5
02/05/23	3:25	8.6	8.6	8.6	92	7.3	3.2	NNE	0.27	6.4	NNE	8.6	8.7	8.7	---	1023.8	0.00	0.0	0	0.00	0	0.034	0.000	20.3	49	9.2	19.4	9.08	1.2024	0.00	116	1	100.0	5
02/05/23	3:30	8.5	8.6	8.5	92	7.3	3.2	NE	0.27	6.4	NE	8.5	8.7	8.7	---	1023.8	0.00	0.0	0	0.00	0	0.034	0.000	20.3	49	9.2	19.4	9.08	1.2023	0.00	116	1	100.0	5
02/05/23	3:35	8.3	8.5	8.3	92	7.1	1.6	NE	0.13	4.8	NE	8.3	8.4	8.4	---	1023.8	0.00	0.0	0	0.00	0	0.035	0.000	20.2	49	9.2	19.4	9.08	1.2025	0.00	117	1	100.0	5
02/05/23	3:40	8.3	8.4	8.3	92	7.1	3.2	NE	0.27	6.4	NE	8.3	8.4	8.4	---	1023.7	0.00	0.0	0	0.00	0	0.035	0.000	20.2	49	9.2	19.4	9.08	1.2024	0.00	117	1	100.0	5
02/05/23	3:45	8.3	8.3	8.3	93	7.2	3.2	NE	0.27	6.4	NE	8.3	8.4	8.4	---	1023.8	0.00	0.0	0	0.00	0	0.035	0.000	20.3	49	9.2	19.4	9.08	1.2023	0.00	115	1	100.0	5
02/05/23	3:50	8.2	8.3	8.1	93	7.1	3.2	NNE	0.27	6.4	NNE	8.2	8.3	8.3	---	1023.8	0.00	0.0	0	0.00	0	0.035	0.000	20.2	49	9.2	19.4	9.08	1.2026	0.00	114	1	100.0	5
02/05/23	3:55	8.1	8.2	8.1	93	7.0	3.2	NE	0.27	4.8	NE	8.1	8.2	8.2	---	1023.8	0.00	0.0	0	0.00	0	0.036	0.000	20.2	49	9.2	19.4	9.08	1.2026	0.00	116	1	100.0	5
02/05/23	4:00	7.9	8.1	7.9	93	6.9	3.2	NE	0.27	6.4	NE	7.9	8.1	8.1	---	1023.8	0.00	0.0	0	0.00	0	0.036	0.000	20.2	49	9.2	19.4	9.08	1.2026	0.00	117	1	100.0	5
02/05/23	4:05	7.8	7.9	7.8	93	6.8	3.2	NNE	0.27	6.4	N	7.8	7.9	7.9	---	1023.9	0.00	0.0	0	0.00	0	0.036	0.000	20.2	49	9.2	19.4	9.08	1.2027	0.00	117	1	100.0	5
02/05/23	4:10	7.8	7.9	7.8	93	6.8	3.2	NE	0.27	6.4	NE	7.8	7.9	7.9	---	1024.0	0.00	0.0	0	0.00	0	0.036	0.000	20.2	49	9.2	19.4	9.08	1.2029	0.00	117	1	100.0	5
02/05/23	4:15	7.8	7.8	7.8	93	6.7	3.2	NNE	0.27	4.8	NE	7.8	7.9	7.9	---	1024.0	0.00	0.0	0	0.00	0	0.037	0.000	20.2	49	9.2	19.4	9.08	1.2029	0.00	116	1	100.0	5
02/05/23	4:20	7.8	7.8	7.7	94	6.9	3.2	N	0.27	6.4	N	7.8	7.9	7.9	---	1024.1	0.00	0.0	0	0.00	0	0.037	0.000	20.2	49	9.2	19.4	9.08	1.2029	0.00	113	1	99.1	5
02/05/23	4:25	7.7	7.8	7.7	94	6.8	3.2	N	0.27	6.4	N	7.7	7.9	7.9	---	1024.1	0.00	0.0	0	0.00	0	0.037	0.000	20.2	49	9.1	19.3	9.08	1.2032	0.00	115	1	100.0	5
02/05/23	4:30	7.7	7.8	7.7	94	6.8	3.2	N	0.27	4.8	N	7.7	7.9	7.9	---	1024.3	0.00	0.0	0	0.00	0	0.037	0.000	20.2	49	9.1	19.3	9.08	1.2035	0.00	114	1	100.0	5
02/05/23	4:35	7.7	7.8	7.7	94	6.8	1.6	N	0.13	4.8	N	7.7	7.9	7.9	---	1024.2	0.00	0.0	0	0.00	0	0.037	0.000	20.2	49	9.1	19.3	9.08	1.2033	0.00	117	1	100.0	5
02/05/23	4:40	7.7	7.7	7.7	94	6.8	1.6	N	0.13	3.2	N	7.7	7.9	7.9	---	1024.3	0.00	0.0	0	0.00	0	0.037	0.000	20.2	49	9.1	19.3	9.08	1.2034	0.00	117	1	100.0	5
02/05/23	4:45	7.8	7.8	7.7	94	6.9	1.6	NNE	0.13	4.8	NE	7.8	7.9	7.9	---	1024.3	0.00	0.0	0	0.00	0	0.037	0.000	20.2	49	9.1	19.3	9.08	1.2034	0.00	117	1	100.0	5
02/05/23	4:50	7.8	7.8	7.8	94	6.9	1.6	NNE	0.13	3.2	NNE	7.8	8.0	8.0	---	1024.1	0.00	0.0	0	0.00	0	0.036	0.000	20.2	50	9.4	19.4	9.28	1.2029	0.00	117	1	100.0	5
02/05/23	4:55	7.8	7.8	7.8	94	6.9	1.6	NNE	0.13	1.6	NNE	7.8	8.0	8.0	---	1024.2	0.00	0.0	0	0.00	0	0.036	0.000	20.2	50	9.4	19.4	9.28	1.2030	0.00	117	1	100.0	5
02/05/23	5:00	7.8	7.8	7.8	94	6.9	0.0	NNE	0.00	1.6	NNE	7.8	7.9	7.9	---	1024.2	0.00	0.0	0	0.00	0	0.037	0.000	20.2	50	9.4	19.4	9.28	1.2031	0.00	114	1	100.0	5
02/05/23	5:05	7.8	7.8	7.8	94	6.9	1.6	NE	0.13	3.2	NNE	7.8	8.0	8.0	---	1024.2	0.00	0.0	0	0.00	0	0.036	0.000	20.2	50	9.4	19.4	9.28	1.2030	0.00	114	1	100.0	5
02/05/23	5:10	7.7	7.8	7.7	94	6.8	1.6	NE	0.13	3.2	NE	7.7	7.9	7.9	---	1024.2	0.00	0.0	0	0.00	0	0.037	0.000	20.2	50	9.4	19.4	9.28	1.2031	0.00	117	1	100.0	5
02/05/23	5:15	7.7	7.7	7.7	94	6.8	1.6	NE	0.13	3.2	NE	7.7	7.9	7.9	---	1024.3	0.00	0.0	0	0.00	0	0.037	0.000	20.2	50	9.4	19.4	9.28	1.2031	0.00	117	1	100.0	5
02/05/23	5:20	7.7	7.7	7.7	94	6.8	1.6	NE	0.13	3.2	NE	7.7	7.8	7.8	---	1024.1	0.00	0.0	0	0.00	0	0.037	0.000	20.2	50	9.4	19.4	9.28	1.2030	0.00	116	1	100.0	5
02/05/23	5:25	7.6	7.7	7.6	94	6.7	1.6	NE	0.13	3.2	NE	7.6	7.7	7.7	---	1024.1	0.00	0.0	0	0.00	0	0.037	0.000	20.1	50	9.4	19.3	9.29	1.2033	0.00	117	1	100.0	5
02/05/23	5:30	7.6	7.6	7.6	95	6.9	0.0	NE	0.00	1.6	NE	7.6	7.8	7.8	---	1024.0	0.00	0.0	0	0.00	0	0.037	0.000	20.1	50	9.4	19.3	9.29	1.2031	0.00	116	1	100.0	5
02/05/23	5:35	7.5	7.6	7.5	95	6.8	0.0	NE	0.00	1.6	NE	7.5	7.7	7.7	---	1024.0	0.00	0.0	0	0.00	0	0.038	0.000	20.1	50	9.4	19.3	9.29	1.2031	0.00	115	1	100.0	5
02/05/23	5:40	7.6	7.6	7.5	95	6.8	0.0	NE	0.00	3.2	NE	7.6	7.7	7.7	---	1024.0	0.00	0.0	0	0.00	0	0.037	0.000	20.1	50	9.3	19.3	9.29	1.2034	0.00	114	1	100.0	5
02/05/23	5:45	7.6	7.6	7.5	95	6.9	1.6	NE	0.13	3.2	NE	7.6	7.8	7.8	---	1024.0	0.00	0.0	0	0.00	0	0.037	0.000	20.1	50	9.4	19.3	9.29	1.2031	0.00	116	1	100.0	5
02/05/23	5:50	7.6	7.6	7.6	95	6.9	1.6	NE	0.13	3.2	NE	7.6	7.8	7.8	---	1024.0	0.00	0.0	0	0.00	0	0.037	0.000	20.1	50	9.3	19.3	9.29	1.2033	0.00	116	1	100.0	5
02/05/23	5:55	7.6	7.6	7.6	95	6.8	0.0	NE	0.00	3.2	NE	7.6	7.7	7.7	---	1023.9	0.00	0.0	0	0.00	0	0.037	0.000	20.1	50	9.3	19.3	9.29	1.2033	0.00	115	1	100.0	5
02/05/23	6:00	7.6	7.6	7.6	95	6.8	0.0	NE	0.00	1.6	NE	7.6	7.7	7.7	---	1023.9	0.00	0.0	0	0.00	0	0.037	0.000	20.1	50	9.4	19.3	9.29	1.2030	0.00	116	1	100.0	5
02/05/23	6:05	7.6	7.6	7.6	95	6.8	0.0	NE	0.00	1.6	NE	7.6	7.7	7.7	---	1023.9	0.00	0.0	0	0.00	0	0.037	0.000	20.1	50	9.3	19.3	9.29	1.2032	0.00	117	1	100.0	5
02/05/23	6:10	7.5	7.6	7.5	95	6.8	0.0	---	0.00	0.0	---	7.5	7.7	7.7	---	1023.9	0.00	0.0	0	0.00	0	0.038	0.000	20.1	50	9.3	19.3	9.29	1.2033	0.00	117	1	100.0	5
02/05/23	6:15	7.5	7.5	7.5	95	6.8	0.0	NE	0.00	1.6	NE	7.5	7.7	7.7	---	1023.9	0.00	0.0	0	0.00	0	0.038	0.000	20.1	50	9.3	19.3	9.29	1.2033	0.00	114	1	100.0	5
02/05/23	6:20	7.4	7.5	7.4	95	6.6	1.6	NE	0.13	3.2	NE	7.4	7.5	7.5	---	1024.0	0.00	0.0	0	0.00	0	0.038	0.000	20.1	50	9.3	19.3	9.29	1.2034	0.00	113	1	99.1	5
02/05/23	6:25	7.4	7.4	7.3	95	6.6	1.6	NE	0.13	4.8	NE	7.4	7.5	7.5	---	1024.1	0.00	0.0	0	0.00	0	0.038	0.000	20.1	50	9.3	19.3	9.29	1.2035	0.00	117	1	100.0	5
02/05/23	6:30	7.3	7.4	7.3	95	6.6	3.2	NE	0.27	4.8	NE	7.3	7.4	7.4	---	1024.1	0.00	0.0	0	0.00	0	0.038	0.000	20.1	49	9.0	19.2	9.09	1.2038	0.00	117	1	100.0	5
02/05/23	6:35	7.2	7.3	7.2	95	6.5	3.2	NE	0.27	4.8	NE	7.2	7.3	7.3	---	1024.3	0.00	0.0	0	0.00	0	0.039	0.000	20.1	50	9.3	19.3	9.29	1.2037	0.00	116	1	100.0	5
02/05/23	6:40	7.2	7.2	7.2	95	6.4	0.0	NE	0.00	3.2	NE	7.2	7.3	7.3	---	1024.2	0.00	0.0	0	0.00	0	0.039	0.000	20.0	50	9.3	19.2	9.29	1.2039	0.00	116	1	100.0	5
02/05/23	6:45	7.1	7.2	7.1	95	6.4	3.2	NE	0.27	4.8	NE	7.1	7.2	7.2	---	1024.4	0.00	0.0	2	0.01	5	0.039	0.000	20.1	50	9.3	19.3	9.29	1.2038	0.00	117	1	100.0	5
02/05/23	6:50	6.9	7.1	6.9	95	6.2	1.6	NE	0.13	6.4	ENE	6.9	7.1	7.1	---	1024.4	0.00	0.0	6	0.04	7	0.040	0.000	20.0	49	9.0	19.2	9.09	1.2044	0.00	115	1	100.0	5
02/05/23	6:55	6.7	6.9	6.7	95	6.0	4.8	NE	0.40	6.4	NE	6.1	6.8	6.2	---	1024.4	0.00	0.0	10	0.07	11	0.040	0.000	20.1	49	9.0	19.2	9.09	1.2041	0.00	114	1	100.0	5
02/05/23	7:00	6.7	6.8	6.7	95	5.9	3.2	NE	0.27	4.8	NE	6.7	6.8	6.8	---	1024.4	0.00	0.0	13	0.09	14	0.041	0.000	20.1	49	9.0	19.2	9.09	1.2041	0.00	116	1	100.0	5
02/05/23	7:05	6.6	6.7	6.6	95	5.9	3.2	NE	0.27	4.8	NNE	6.6	6.7	6.7	---	1024.4	0.00	0.0	16	0.11	18	0.041	0.000	20.0	49	9.0	19.2	9.09	1.2044	0.00	117	1	100.0	5
02/05/23	7:10	6.4	6.6	6.4	95	5.7	3.2	NE	0.27	4.8	NE	6.4	6.6	6.6	---	1024.5	0.00	0.0	20	0.14	21	0.041	0.000	20.1	49	9.0	19.2	9.09	1.2043	0.00	117	1	100.0	5
02/05/23	7:15	6.3	6.4	6.3	95	5.6	1.6	NE	0.13	3.2	NE	6.3	6.4	6.4	---	1024.6	0.00	0.0	25	0.18	26	0.042	0.000	20.1	49	9.0	19.2	9.09	1.2043	0.00	118	1	100.0	5
02/05/23	7:20	6.2	6.3	6.2	95	5.5	3.2	NE	0.27	6.4	NE	6.2	6.3	6.3	---	1024.6	0.00	0.0	28	0.20	30	0.042	0.000	20.1	49	9.0	19.2	9.09	1.2044	0.00	113	1	99.1	5
02/05/23	7:25	6.1	6.2	6.1	96	5.5	4.8	NE	0.40	6.4	NE	5.4	6.2	5.5	---	1024.6	0.00	0.0	32	0.23	37	0.042	0.000	20.1	49	9.0	19.2	9.09	1.2044	0.00	116	1	100.0	5
02/05/23	7:30	6.1	6.1	6.1	96	5.5	3.2	NE	0.27	6.4	ENE	6.1	6.1	6.1	---	1024.7	0.00	0.0	36	0.26	37	0.043	0.000	20.1	49	9.0	19.2	9.09	1.2045	0.00	114	1	100.0	5
02/05/23	7:35	6.1	6.1	6.1	96	5.5	3.2	NE	0.27	4.8	NE	6.1	6.2	6.2	---	1024.7	0.00	0.0	42	0.30	46	0.042	0.000	20.1	48	8.8	19.2	8.89	1.2045	0.00	114	1	100.0	5
02/05/23	7:40	6.2	6.2	6.1	96	5.6	1.6	NE	0.13	4.8	NE	6.2	6.2	6.2	---	1024.8	0.00	0.0	49	0.35	56	0.042	0.000	20.2	48	8.8	19.3	8.88	1.2043	0.00	117	1	100.0	5
02/05/23	7:45	6.2	6.2	6.1	96	5.6	1.6	NE	0.13	3.2	NE	6.2	6.2	6.2	---	1024.8	0.00	0.0	52	0.37	54	0.042	0.000	20.2	48	8.8	19.3	8.88	1.2043	0.00	117	1	100.0	5
02/05/23	7:50	6.2	6.2	6.2	96	5.6	1.6	NE	0.13	3.2	ENE	6.2	6.2	6.2	---	1024.8	0.00	0.0	61	0.44	67	0.042	0.000	20.2	48	8.8	19.3	8.88	1.2043	0.00	117	1	100.0	5
02/05/23	7:55	6.2	6.2	6.2	96	5.6	1.6	NE	0.13	3.2	NE	6.2	6.3	6.3	---	1024.8	0.00	0.0	77	0.55	83	0.042	0.000	20.2	48	8.8	19.3	8.88	1.2043	0.00	117	1	100.0	5
02/05/23	8:00	6.3	6.3	6.2	97	5.9	0.0	NE	0.00	3.2	NE	6.3	6.4	6.4	---	1024.8	0.00	0.0	86	0.62	93	0.042	0.000	20.2	48	8.9	19.3	8.88	1.2041	0.00	117	1	100.0	5
02/05/23	8:05	6.5	6.5	6.3	97	6.1	0.0	NNE	0.00	3.2	NNE	6.5	6.7	6.7	---	1024.8	0.00	0.0	106	0.76	116	0.041	0.000	20.2	47	8.5	19.3	8.78	1.2044	0.00	115	1	100.0	5
02/05/23	8:10	6.7	6.7	6.5	97	6.2	1.6	NNE	0.13	3.2	NNE	6.7	6.8	6.8	---	1024.9	0.00	0.0	146	1.05	162	0.041	0.000	20.3	47	8.6	19.3	8.78	1.2042	0.00	113	1	99.1	5
02/05/23	8:15	6.8	6.8	6.7	97	6.4	1.6	NNE	0.13	3.2	NNE	6.8	7.0	7.0	---	1025.0	0.00	0.0	164	1.18	178	0.040	0.000	20.3	47	8.6	19.4	8.78	1.2040	0.00	115	1	100.0	5
02/05/23	8:20	7.1	7.1	6.8	97	6.7	1.6	ENE	0.13	3.2	ENE	7.1	7.3	7.3	---	1025.0	0.00	0.0	173	1.24	179	0.039	0.000	20.3	47	8.6	19.4	8.78	1.2040	0.00	114	1	100.0	5
02/05/23	8:25	7.4	7.4	7.1	97	7.0	1.6	ENE	0.13	3.2	ENE	7.4	7.6	7.6	---	1025.0	0.00	0.0	189	1.35	195	0.038	0.000	20.4	47	8.7	19.4	8.78	1.2037	0.00	116	1	100.0	5
02/05/23	8:30	7.6	7.7	7.4	97	7.2	1.6	NE	0.13	4.8	NE	7.6	7.8	7.8	---	1025.0	0.00	0.0	203	1.46	209	0.037	0.000	20.4	48	9.1	19.5	8.87	1.2032	0.00	117	1	100.0	5
02/05/23	8:35	7.8	7.8	7.7	97	7.4	1.6	NE	0.13	4.8	NNE	7.8	8.0	8.0	---	1025.0	0.00	0.0	207	1.48	214	0.036	0.000	20.5	48	9.1	19.6	8.87	1.2029	0.00	115	1	100.0	5
02/05/23	8:40	8.1	8.1	7.9	97	7.6	1.6	NE	0.13	3.2	NE	8.1	8.3	8.3	---	1025.1	0.00	0.0	228	1.63	236	0.036	0.000	20.6	48	9.2	19.6	8.87	1.2028	0.00	114	1	100.0	5
02/05/23	8:45	8.2	8.2	8.0	97	7.8	1.6	NE	0.13	3.2	NE	8.2	8.4	8.4	---	1025.1	0.00	0.0	245	1.76	251	0.035	0.000	20.6	48	9.2	19.7	8.87	1.2025	0.00	115	1	100.0	5
02/05/23	8:50	8.5	8.6	8.2	97	8.1	1.6	E	0.13	4.8	E	8.5	8.7	8.7	---	1025.1	0.00	0.0	259	1.86	264	0.034	0.000	20.7	48	9.3	19.7	8.87	1.2022	0.00	117	1	100.0	5
02/05/23	8:55	8.7	8.7	8.5	97	8.3	1.6	ESE	0.13	4.8	ESE	8.7	9.0	9.0	---	1025.2	0.00	0.0	273	1.96	281	0.033	0.000	20.7	48	9.3	19.7	8.87	1.2023	0.00	117	1	100.0	5
02/05/23	9:00	8.9	8.9	8.7	97	8.5	1.6	ESE	0.13	4.8	ESE	8.9	9.2	9.2	---	1025.2	0.00	0.0	291	2.09	299	0.033	0.000	20.7	48	9.3	19.8	8.86	1.2020	0.08	117	1	100.0	5
02/05/23	9:05	9.1	9.1	8.9	96	8.5	3.2	ESE	0.27	6.4	E	9.1	9.3	9.3	---	1025.3	0.00	0.0	307	2.20	313	0.032	0.000	20.8	48	9.4	19.8	8.86	1.2019	0.00	116	1	100.0	5
02/05/23	9:10	9.3	9.3	9.1	96	8.7	1.6	E	0.13	4.8	E	9.3	9.6	9.6	---	1025.3	0.00	0.0	321	2.30	327	0.031	0.000	20.8	48	9.4	19.8	8.86	1.2016	0.00	112	1	98.2	5
02/05/23	9:15	9.5	9.5	9.3	96	8.9	3.2	E	0.27	4.8	E	9.5	9.8	9.8	---	1025.2	0.00	0.0	329	2.36	343	0.031	0.000	20.8	48	9.4	19.8	8.86	1.2015	0.00	111	1	97.4	5
02/05/23	9:20	9.8	9.8	9.4	95	9.0	1.6	ESE	0.13	4.8	E	9.8	10.1	10.1	---	1025.2	0.00	0.0	351	2.52	369	0.030	0.000	20.9	48	9.5	19.9	8.86	1.2013	0.00	115	1	100.0	5
02/05/23	9:25	10.2	10.2	9.8	96	9.6	0.0	ESE	0.00	3.2	SSE	10.2	10.4	10.4	---	1025.3	0.00	0.0	381	2.73	388	0.028	0.000	20.9	48	9.5	19.9	8.86	1.2013	0.00	117	1	100.0	5
02/05/23	9:30	10.6	10.6	10.2	94	9.7	1.6	ESE	0.13	4.8	ESE	10.6	10.8	10.8	---	1025.2	0.00	0.0	391	2.80	406	0.027	0.000	20.9	48	9.5	19.9	8.86	1.2009	0.00	116	1	100.0	5
02/05/23	9:35	10.9	10.9	10.6	92	9.6	1.6	ESE	0.13	4.8	ESE	10.9	11.1	11.1	---	1025.2	0.00	0.0	414	2.97	420	0.026	0.000	20.9	48	9.5	19.9	8.86	1.2010	0.00	116	1	100.0	5
02/05/23	9:40	11.2	11.2	10.9	91	9.8	1.6	ESE	0.13	3.2	ESE	11.2	11.3	11.3	---	1025.2	0.00	0.0	430	3.08	438	0.025	0.000	20.9	48	9.5	19.9	8.86	1.2010	0.00	115	1	100.0	5
02/05/23	9:45	11.7	11.7	11.2	89	9.9	1.6	SE	0.13	4.8	S	11.7	11.7	11.7	---	1025.3	0.00	0.0	447	3.20	452	0.023	0.000	20.9	48	9.5	19.9	8.86	1.2010	0.00	115	1	100.0	5
02/05/23	9:50	12.1	12.1	11.7	86	9.8	1.6	SW	0.13	6.4	SSW	12.1	12.0	12.0	---	1025.3	0.00	0.0	447	3.20	457	0.022	0.000	20.9	48	9.5	19.9	8.86	1.2013	0.00	117	1	100.0	5
02/05/23	9:55	12.4	12.4	12.1	84	9.8	3.2	SSW	0.27	6.4	SSW	12.4	12.3	12.3	---	1025.2	0.00	0.0	462	3.31	476	0.021	0.000	20.9	48	9.5	19.9	8.86	1.2012	0.00	116	1	100.0	5
02/05/23	10:00	12.7	12.7	12.4	84	10.0	1.6	S	0.13	4.8	S	12.7	12.6	12.6	---	1025.2	0.00	0.0	478	3.43	483	0.020	0.000	20.9	48	9.5	19.9	8.86	1.2010	0.20	117	1	100.0	5
02/05/23	10:05	13.1	13.1	12.7	82	10.1	3.2	SSW	0.27	8.0	SSW	13.1	12.9	12.9	---	1025.1	0.00	0.0	472	3.38	478	0.018	0.000	20.9	48	9.5	19.9	8.86	1.2011	0.00	116	1	100.0	5
02/05/23	10:10	13.3	13.3	13.1	80	10.0	3.2	S	0.27	8.0	SSE	13.3	13.2	13.2	---	1025.1	0.00	0.0	485	3.48	487	0.017	0.000	20.9	48	9.5	19.9	8.86	1.2011	0.00	114	1	100.0	5
02/05/23	10:15	13.4	13.4	13.3	79	9.9	4.8	SSW	0.40	9.7	S	13.4	13.2	13.2	---	1025.1	0.00	0.0	501	3.59	512	0.017	0.000	20.8	48	9.4	19.8	8.86	1.2014	0.00	116	1	100.0	5
02/05/23	10:20	13.6	13.6	13.4	79	10.0	4.8	S	0.40	9.7	S	13.6	13.3	13.3	---	1025.1	0.00	0.0	516	3.70	524	0.017	0.000	20.8	48	9.4	19.8	8.86	1.2017	0.00	116	1	100.0	5
02/05/23	10:25	13.8	13.8	13.6	79	10.3	3.2	SSE	0.27	6.4	SSE	13.8	13.6	13.6	---	1025.1	0.00	0.0	514	3.68	522	0.016	0.000	20.8	48	9.4	19.8	8.86	1.2013	0.00	117	1	100.0	5
02/05/23	10:30	14.1	14.1	13.8	78	10.3	3.2	SSW	0.27	6.4	SSE	14.1	13.9	13.9	---	1025.1	0.00	0.0	521	3.73	526	0.015	0.000	20.8	49	9.7	19.8	9.06	1.2013	0.00	117	1	100.0	5
02/05/23	10:35	14.4	14.4	14.2	77	10.4	3.2	S	0.27	8.0	S	14.4	14.1	14.1	---	1025.1	0.00	0.0	537	3.85	547	0.014	0.000	20.8	49	9.7	19.8	9.06	1.2013	0.00	114	1	100.0	5
02/05/23	10:40	14.6	14.6	14.4	75	10.2	4.8	S	0.40	9.7	S	14.6	14.3	14.3	---	1025.1	0.00	0.0	552	3.96	561	0.013	0.000	20.8	49	9.7	19.8	9.06	1.2013	0.00	115	1	100.0	5
02/05/23	10:45	14.8	14.8	14.6	75	10.4	3.2	SSW	0.27	9.7	S	14.8	14.4	14.4	---	1025.1	0.00	0.0	564	4.04	575	0.012	0.000	20.8	49	9.7	19.8	9.06	1.2013	0.00	117	1	100.0	5
02/05/23	10:50	15.1	15.1	14.8	73	10.3	3.2	SW	0.27	11.3	ESE	15.1	14.7	14.7	---	1025.0	0.00	0.0	566	4.06	591	0.011	0.000	20.8	49	9.7	19.8	9.06	1.2013	0.00	116	1	100.0	5
02/05/23	10:55	15.3	15.3	15.1	73	10.5	4.8	S	0.40	11.3	ESE	15.3	14.9	14.9	---	1025.1	0.00	0.0	566	4.06	598	0.011	0.000	20.7	49	9.6	19.8	9.06	1.2016	0.00	115	1	100.0	5
02/05/23	11:00	15.5	15.6	15.3	72	10.5	3.2	SSE	0.27	11.3	S	15.5	15.1	15.1	---	1025.2	0.00	0.0	611	4.38	629	0.010	0.000	20.7	49	9.6	19.8	9.06	1.2017	0.30	115	1	100.0	5
02/05/23	11:05	15.7	15.8	15.5	70	10.3	4.8	SE	0.40	11.3	ESE	15.7	15.3	15.3	---	1025.1	0.00	0.0	606	4.34	633	0.009	0.000	20.8	49	9.7	19.8	9.06	1.2014	0.00	114	1	100.0	5
02/05/23	11:10	15.8	15.8	15.7	71	10.5	3.2	SSW	0.27	8.0	SW	15.8	15.4	15.4	---	1025.2	0.00	0.0	625	4.48	635	0.009	0.000	20.8	49	9.7	19.8	9.06	1.2014	0.00	116	1	100.0	5
02/05/23	11:15	15.9	15.9	15.8	71	10.7	3.2	SSE	0.27	11.3	ESE	15.9	15.6	15.6	---	1025.2	0.00	0.0	639	4.58	645	0.008	0.000	20.8	49	9.7	19.9	9.06	1.2012	0.00	108	1	94.7	5
02/05/23	11:20	15.9	16.1	15.9	70	10.5	6.4	SSW	0.54	16.1	SSE	15.9	15.6	15.6	---	1025.3	0.00	0.0	700	5.02	708	0.008	0.000	20.9	49	9.8	19.9	9.06	1.2010	0.00	116	1	100.0	5
02/05/23	11:25	16.0	16.1	15.9	70	10.5	6.4	SSW	0.54	14.5	SW	16.0	15.6	15.6	---	1025.2	0.00	0.0	695	4.98	696	0.008	0.000	20.9	49	9.8	19.9	9.06	1.2009	0.00	117	1	100.0	5
02/05/23	11:30	16.4	16.4	16.0	69	10.7	3.2	ESE	0.27	8.0	SW	16.4	16.0	16.0	---	1025.2	0.00	0.0	722	5.18	735	0.007	0.000	20.9	50	10.1	20.1	9.26	1.2003	0.00	114	1	100.0	5
02/05/23	11:35	16.6	16.6	16.3	67	10.5	6.4	SSW	0.54	11.3	SSW	16.6	16.2	16.2	---	1025.1	0.00	0.0	751	5.38	789	0.006	0.000	20.9	50	10.1	20.1	9.26	1.2002	0.00	115	1	100.0	5
02/05/23	11:40	16.6	16.8	16.6	67	10.5	8.0	SSW	0.67	14.5	SSW	16.6	16.2	16.2	---	1025.2	0.00	0.0	649	4.65	779	0.006	0.000	21.1	50	10.2	20.1	9.25	1.1998	0.00	116	1	100.0	5
02/05/23	11:45	16.2	16.7	16.2	68	10.3	6.4	SW	0.54	12.9	SW	16.2	15.7	15.7	---	1025.3	0.00	0.0	191	1.37	232	0.008	0.000	21.1	50	10.2	20.1	9.25	1.1999	0.00	117	1	100.0	5
02/05/23	11:50	16.5	16.5	16.2	68	10.6	3.2	SSW	0.27	9.7	S	16.5	16.1	16.1	---	1025.2	0.00	0.0	782	5.61	819	0.006	0.000	21.1	50	10.3	20.2	9.25	1.1995	0.00	114	1	100.0	5
02/05/23	11:55	16.8	16.8	16.5	67	10.7	3.2	SSE	0.27	11.3	SSE	16.8	16.4	16.4	---	1025.1	0.00	0.0	636	4.56	817	0.005	0.000	21.2	50	10.3	20.2	9.25	1.1992	0.00	114	1	100.0	5
02/05/23	12:00	17.2	17.2	16.8	65	10.6	3.2	SE	0.27	11.3	SSE	17.2	16.8	16.8	---	1025.1	0.00	0.0	787	5.64	821	0.004	0.000	21.2	50	10.3	20.2	9.25	1.1991	0.41	107	1	93.9	5
02/05/23	12:05	17.2	17.3	17.2	65	10.6	4.8	SW	0.40	11.3	SSW	17.2	16.8	16.8	---	1025.1	0.00	0.0	761	5.45	795	0.004	0.000	21.2	50	10.4	20.3	9.25	1.1989	0.00	114	1	100.0	5
02/05/23	12:10	17.2	17.3	17.2	64	10.3	4.8	SSW	0.40	11.3	SSE	17.2	16.7	16.7	---	1024.9	0.00	0.0	193	1.38	229	0.004	0.000	21.2	50	10.4	20.3	9.25	1.1987	0.00	113	1	99.1	5
02/05/23	12:15	17.2	17.3	17.2	64	10.3	4.8	SSE	0.40	11.3	SE	17.2	16.7	16.7	---	1024.9	0.00	0.0	497	3.56	824	0.004	0.000	21.3	50	10.4	20.4	9.25	1.1984	0.00	96	1	84.2	5
02/05/23	12:20	17.0	17.2	17.0	65	10.4	6.4	SSE	0.54	12.9	ESE	17.0	16.6	16.6	---	1024.9	0.00	0.0	217	1.56	232	0.005	0.000	21.3	50	10.5	20.5	9.25	1.1981	0.00	101	1	88.6	5
02/05/23	12:25	16.9	17.0	16.9	64	10.1	4.8	SE	0.40	14.5	SE	16.9	16.4	16.4	---	1025.0	0.00	0.0	192	1.38	193	0.005	0.000	21.3	49	10.2	20.4	9.05	1.1985	0.00	113	1	99.1	5
02/05/23	12:30	16.9	17.0	16.9	65	10.3	4.8	SSE	0.40	11.3	S	16.9	16.5	16.5	---	1024.8	0.00	0.0	841	6.03	886	0.005	0.000	21.3	49	10.2	20.4	9.05	1.1982	0.00	112	1	98.2	5
02/05/23	12:35	17.3	17.3	16.9	65	10.6	3.2	ESE	0.27	11.3	ESE	17.3	16.8	16.8	---	1024.8	0.00	0.0	776	5.56	882	0.004	0.000	21.4	49	10.2	20.5	9.05	1.1980	0.00	118	1	100.0	5
