		Temp	Hi	Low	Out	Dew	Wind	Wind	Wind	Hi	Hi	Wind	Heat	THW	THSW			Rain	Solar	Solar	Hi Solar	Heat	Cool	In 	In	In 	In 	In 	In Air		Wind	Wind	ISS 	Arc.
Date	Time	Out	Temp	Temp	Hum	Pt.	Speed	Dir	Run	Speed	Dir	Chill	Index	Index	Index	Bar  	Rain	Rate	Rad.	Energy	Rad. 	D-D 	D-D 	Temp	Hum	Dew	Heat	EMC	Density	ET 	Samp	Tx 	Recept	Int.
01/04/25	0:05	11.5	11.6	11.5	59	3.8	6.4	SSE	0.54	12.9	SE	11.1	10.8	10.4	---	1023.6	0.00	0.0	0	0.00	0	0.024	0.000	21.4	39	6.9	20.1	7.64	1.1995	0.00	117	1	100.0	5
01/04/25	0:10	11.4	11.5	11.4	59	3.7	8.0	ESE	0.67	16.1	ESE	10.7	10.8	10.1	---	1023.5	0.00	0.0	0	0.00	0	0.024	0.000	21.4	39	6.9	20.1	7.64	1.1995	0.00	117	1	100.0	5
01/04/25	0:15	11.3	11.4	11.3	60	3.8	6.4	ESE	0.54	14.5	E	10.9	10.7	10.3	---	1023.4	0.00	0.0	0	0.00	0	0.024	0.000	21.4	39	6.9	20.1	7.64	1.1993	0.00	117	1	100.0	5
01/04/25	0:20	11.3	11.3	11.3	60	3.8	6.4	SE	0.54	14.5	SSE	10.8	10.7	10.2	---	1023.4	0.00	0.0	0	0.00	0	0.024	0.000	21.4	39	6.9	20.1	7.64	1.1993	0.00	115	1	100.0	5
01/04/25	0:25	11.2	11.3	11.2	61	3.9	6.4	ESE	0.54	14.5	ESE	10.7	10.6	10.2	---	1023.4	0.00	0.0	0	0.00	0	0.025	0.000	21.3	39	6.8	19.9	7.64	1.1996	0.00	114	1	100.0	5
01/04/25	0:30	11.1	11.2	11.1	61	3.8	6.4	ESE	0.54	14.5	ESE	10.6	10.5	10.1	---	1023.3	0.00	0.0	0	0.00	0	0.025	0.000	21.3	39	6.8	19.9	7.64	1.1995	0.00	116	1	100.0	5
01/04/25	0:35	10.9	11.1	10.9	61	3.7	6.4	SE	0.54	12.9	SE	10.4	10.4	9.9	---	1023.3	0.00	0.0	0	0.00	0	0.026	0.000	21.3	39	6.8	19.9	7.64	1.1995	0.00	117	1	100.0	5
01/04/25	0:40	10.8	11.0	10.8	62	3.8	6.4	SE	0.54	12.9	ESE	10.3	10.3	9.8	---	1023.3	0.00	0.0	0	0.00	0	0.026	0.000	21.3	39	6.8	19.9	7.64	1.1997	0.00	116	1	100.0	5
01/04/25	0:45	10.7	10.8	10.7	62	3.7	4.8	ESE	0.40	12.9	ESE	10.6	10.2	10.1	---	1023.3	0.00	0.0	0	0.00	0	0.026	0.000	21.3	39	6.8	19.9	7.64	1.1997	0.00	117	1	100.0	5
01/04/25	0:50	10.7	10.7	10.7	63	3.9	4.8	SE	0.40	14.5	E	10.6	10.2	10.1	---	1023.2	0.00	0.0	0	0.00	0	0.027	0.000	21.3	39	6.8	19.9	7.64	1.1996	0.00	116	1	100.0	5
01/04/25	0:55	10.6	10.7	10.6	63	3.9	4.8	ESE	0.40	12.9	ESE	10.5	10.2	10.1	---	1023.2	0.00	0.0	0	0.00	0	0.027	0.000	21.2	39	6.7	19.8	7.65	1.1999	0.00	114	1	100.0	5
01/04/25	1:00	10.5	10.6	10.4	63	3.7	4.8	SE	0.40	9.7	ESE	10.4	10.1	9.9	---	1023.0	0.00	0.0	0	0.00	0	0.027	0.000	21.2	39	6.7	19.8	7.65	1.1996	0.03	116	1	100.0	5
01/04/25	1:05	10.4	10.4	10.3	64	3.9	4.8	ESE	0.40	12.9	SE	10.3	10.0	9.9	---	1023.0	0.00	0.0	0	0.00	0	0.028	0.000	21.2	39	6.7	19.8	7.65	1.1997	0.00	117	1	100.0	5
01/04/25	1:10	10.3	10.4	10.3	64	3.8	4.8	ESE	0.40	12.9	ESE	10.2	9.9	9.8	---	1023.0	0.00	0.0	0	0.00	0	0.028	0.000	21.2	39	6.7	19.7	7.65	1.1999	0.00	117	1	100.0	5
01/04/25	1:15	10.2	10.3	10.2	65	3.9	4.8	SSE	0.40	14.5	SSE	10.1	9.9	9.7	---	1023.0	0.00	0.0	0	0.00	0	0.028	0.000	21.2	39	6.7	19.7	7.65	1.1999	0.00	117	1	100.0	5
01/04/25	1:20	10.1	10.2	10.1	65	3.8	4.8	ESE	0.40	9.7	SE	9.9	9.8	9.6	---	1022.9	0.00	0.0	0	0.00	0	0.029	0.000	21.1	39	6.6	19.7	7.65	1.2001	0.00	117	1	100.0	5
01/04/25	1:25	10.0	10.1	10.0	66	3.9	4.8	ESE	0.40	9.7	SSE	9.8	9.7	9.5	---	1022.9	0.00	0.0	0	0.00	0	0.029	0.000	21.1	39	6.6	19.7	7.65	1.2001	0.00	115	1	100.0	5
01/04/25	1:30	9.9	10.1	9.9	66	3.9	6.4	ESE	0.54	14.5	ESE	9.3	9.6	9.0	---	1022.8	0.00	0.0	0	0.00	0	0.029	0.000	21.1	39	6.6	19.7	7.65	1.1999	0.00	114	1	100.0	5
01/04/25	1:35	9.8	9.9	9.8	66	3.8	4.8	ESE	0.40	16.1	SE	9.6	9.5	9.3	---	1022.8	0.00	0.0	0	0.00	0	0.030	0.000	21.1	39	6.6	19.7	7.65	1.1999	0.00	116	1	100.0	5
01/04/25	1:40	9.8	9.9	9.8	67	3.9	6.4	ESE	0.54	12.9	ESE	9.1	9.5	8.8	---	1022.7	0.00	0.0	0	0.00	0	0.030	0.000	21.1	39	6.6	19.6	7.65	1.2001	0.00	117	1	100.0	5
01/04/25	1:45	9.7	9.8	9.7	67	3.9	6.4	ESE	0.54	12.9	ESE	9.1	9.4	8.8	---	1022.6	0.00	0.0	0	0.00	0	0.030	0.000	21.1	39	6.6	19.6	7.65	1.2000	0.00	117	1	100.0	5
01/04/25	1:50	9.7	9.8	9.7	67	3.9	4.8	ESE	0.40	16.1	SE	9.5	9.4	9.2	---	1022.6	0.00	0.0	0	0.00	0	0.030	0.000	21.1	39	6.6	19.6	7.65	1.2000	0.00	117	1	100.0	5
01/04/25	1:55	9.7	9.7	9.6	67	3.8	4.8	ESE	0.40	11.3	SSE	9.4	9.4	9.2	---	1022.6	0.00	0.0	0	0.00	0	0.030	0.000	21.0	39	6.5	19.6	7.65	1.2003	0.00	117	1	100.0	5
01/04/25	2:00	9.6	9.7	9.6	67	3.8	4.8	ESE	0.40	14.5	ESE	9.4	9.3	9.1	---	1022.6	0.00	0.0	0	0.00	0	0.030	0.000	21.0	39	6.5	19.6	7.65	1.2002	0.03	114	1	100.0	5
01/04/25	2:05	9.6	9.6	9.6	67	3.7	4.8	SE	0.40	16.1	ESE	9.3	9.3	9.0	---	1022.5	0.00	0.0	0	0.00	0	0.030	0.000	20.9	39	6.5	19.5	7.66	1.2004	0.00	113	1	99.1	5
01/04/25	2:10	9.6	9.6	9.6	67	3.7	6.4	SE	0.54	17.7	E	8.8	9.3	8.6	---	1022.5	0.00	0.0	0	0.00	0	0.030	0.000	20.9	39	6.5	19.5	7.66	1.2004	0.00	117	1	100.0	5
01/04/25	2:15	9.6	9.6	9.6	67	3.7	4.8	SE	0.40	16.1	SE	9.3	9.3	9.0	---	1022.5	0.00	0.0	0	0.00	0	0.030	0.000	20.9	39	6.5	19.5	7.66	1.2003	0.00	117	1	100.0	5
01/04/25	2:20	9.6	9.6	9.5	67	3.7	8.0	SE	0.67	20.9	SE	8.4	9.3	8.2	---	1022.4	0.00	0.0	0	0.00	0	0.030	0.000	20.9	39	6.5	19.5	7.66	1.2003	0.00	117	1	100.0	5
01/04/25	2:25	9.6	9.6	9.6	67	3.8	6.4	SE	0.54	16.1	SE	8.9	9.3	8.7	---	1022.4	0.00	0.0	0	0.00	0	0.030	0.000	20.9	39	6.4	19.4	7.66	1.2006	0.00	117	1	100.0	5
01/04/25	2:30	9.6	9.6	9.6	67	3.7	6.4	SE	0.54	19.3	S	8.8	9.3	8.6	---	1022.3	0.00	0.0	0	0.00	0	0.030	0.000	20.9	39	6.4	19.4	7.66	1.2004	0.00	116	1	100.0	5
01/04/25	2:35	9.6	9.6	9.5	67	3.7	8.0	ESE	0.67	16.1	SE	8.4	9.3	8.2	---	1022.4	0.00	0.0	0	0.00	0	0.030	0.000	20.9	39	6.4	19.4	7.66	1.2005	0.00	113	1	99.1	5
01/04/25	2:40	9.6	9.6	9.5	67	3.7	4.8	SSE	0.40	16.1	E	9.3	9.3	9.0	---	1022.3	0.00	0.0	0	0.00	0	0.030	0.000	20.9	39	6.4	19.4	7.66	1.2004	0.00	114	1	100.0	5
01/04/25	2:45	9.5	9.6	9.5	67	3.7	8.0	SE	0.67	17.7	S	8.4	9.2	8.1	---	1022.2	0.00	0.0	0	0.00	0	0.031	0.000	20.8	39	6.4	19.4	7.66	1.2005	0.00	117	1	100.0	5
01/04/25	2:50	9.4	9.5	9.4	67	3.6	8.0	SE	0.67	19.3	SSE	8.3	9.2	8.1	---	1022.0	0.00	0.0	0	0.00	0	0.031	0.000	20.8	39	6.4	19.4	7.66	1.2004	0.00	117	1	100.0	5
01/04/25	2:55	9.4	9.5	9.4	67	3.6	8.0	SSE	0.67	19.3	SSE	8.3	9.2	8.1	---	1022.0	0.00	0.0	0	0.00	0	0.031	0.000	20.8	39	6.4	19.4	7.66	1.2003	0.00	115	1	100.0	5
01/04/25	3:00	9.4	9.4	9.4	68	3.8	6.4	SE	0.54	19.3	SE	8.7	9.1	8.4	---	1021.9	0.00	0.0	0	0.00	0	0.031	0.000	20.8	39	6.3	19.3	7.66	1.2005	0.03	116	1	100.0	5
01/04/25	3:05	9.3	9.4	9.3	68	3.7	6.4	ESE	0.54	16.1	SSE	8.6	9.1	8.3	---	1021.9	0.00	0.0	0	0.00	0	0.031	0.000	20.8	39	6.3	19.3	7.66	1.2005	0.00	117	1	100.0	5
01/04/25	3:10	9.3	9.3	9.3	68	3.7	8.0	SE	0.67	16.1	SE	8.2	9.0	7.9	---	1021.8	0.00	0.0	0	0.00	0	0.031	0.000	20.8	39	6.3	19.3	7.66	1.2003	0.00	114	1	100.0	5
01/04/25	3:15	9.2	9.3	9.2	68	3.6	6.4	SE	0.54	14.5	SE	8.5	8.9	8.2	---	1021.8	0.00	0.0	0	0.00	0	0.032	0.000	20.7	39	6.3	19.3	7.66	1.2006	0.00	115	1	100.0	5
01/04/25	3:20	9.2	9.2	9.1	69	3.8	4.8	SE	0.40	16.1	S	8.9	8.9	8.6	---	1021.7	0.00	0.0	0	0.00	0	0.032	0.000	20.7	39	6.3	19.3	7.66	1.2006	0.00	118	1	100.0	5
01/04/25	3:25	9.1	9.2	9.1	69	3.7	6.4	SSE	0.54	17.7	SE	8.3	8.8	8.0	---	1021.6	0.00	0.0	0	0.00	0	0.032	0.000	20.7	39	6.3	19.3	7.66	1.2004	0.00	116	1	100.0	5
01/04/25	3:30	9.1	9.1	9.0	69	3.7	6.4	SE	0.54	16.1	S	8.3	8.8	8.0	---	1021.5	0.00	0.0	0	0.00	0	0.032	0.000	20.7	39	6.3	19.3	7.66	1.2002	0.00	117	1	100.0	5
01/04/25	3:35	8.9	9.1	8.9	69	3.6	8.0	SE	0.67	16.1	ESE	7.8	8.7	7.5	---	1021.4	0.00	0.0	0	0.00	0	0.033	0.000	20.7	39	6.3	19.3	7.66	1.2001	0.00	116	1	100.0	5
01/04/25	3:40	8.9	9.0	8.9	69	3.6	8.0	SSE	0.67	16.1	SSE	7.8	8.7	7.5	---	1021.3	0.00	0.0	0	0.00	0	0.033	0.000	20.7	39	6.2	19.2	7.67	1.2003	0.00	115	1	100.0	5
01/04/25	3:45	8.9	8.9	8.9	69	3.5	6.4	SSE	0.54	16.1	SSE	8.1	8.6	7.8	---	1021.2	0.00	0.0	0	0.00	0	0.033	0.000	20.7	39	6.2	19.2	7.67	1.2002	0.00	115	1	100.0	5
01/04/25	3:50	8.8	8.9	8.8	69	3.5	6.4	SE	0.54	14.5	SE	8.1	8.6	7.8	---	1021.2	0.00	0.0	0	0.00	0	0.033	0.000	20.7	39	6.2	19.2	7.67	1.2001	0.00	114	1	100.0	5
01/04/25	3:55	8.8	8.9	8.8	70	3.7	6.4	SSE	0.54	20.9	SSE	8.1	8.6	7.8	---	1021.2	0.00	0.0	0	0.00	0	0.033	0.000	20.7	39	6.2	19.2	7.67	1.2001	0.00	116	1	100.0	5
01/04/25	4:00	8.8	8.8	8.8	69	3.5	8.0	SSE	0.67	17.7	SSE	7.7	8.6	7.4	---	1021.1	0.00	0.0	0	0.00	0	0.033	0.000	20.6	39	6.2	19.2	7.67	1.2003	0.03	116	1	100.0	5
01/04/25	4:05	8.8	8.8	8.8	69	3.5	8.0	SE	0.67	20.9	SE	7.7	8.6	7.4	---	1021.0	0.00	0.0	0	0.00	0	0.033	0.000	20.6	39	6.2	19.2	7.67	1.2002	0.00	117	1	100.0	5
01/04/25	4:10	8.8	8.8	8.8	69	3.5	6.4	SSE	0.54	19.3	SE	8.1	8.6	7.8	---	1021.0	0.00	0.0	0	0.00	0	0.033	0.000	20.6	39	6.2	19.2	7.67	1.2002	0.00	117	1	100.0	5
01/04/25	4:15	8.8	8.8	8.8	69	3.4	6.4	SSE	0.54	14.5	ESE	8.0	8.5	7.7	---	1021.0	0.00	0.0	0	0.00	0	0.033	0.000	20.6	39	6.2	19.2	7.67	1.2002	0.00	116	1	100.0	5
01/04/25	4:20	8.9	8.9	8.8	69	3.5	8.0	SSE	0.67	16.1	SSE	7.7	8.6	7.4	---	1020.9	0.00	0.0	0	0.00	0	0.033	0.000	20.6	39	6.2	19.2	7.67	1.2001	0.00	114	1	100.0	5
01/04/25	4:25	8.9	8.9	8.8	69	3.5	6.4	SSE	0.54	14.5	SE	8.1	8.6	7.8	---	1020.9	0.00	0.0	0	0.00	0	0.033	0.000	20.6	39	6.1	19.1	7.67	1.2003	0.00	116	1	100.0	5
01/04/25	4:30	8.9	8.9	8.8	68	3.3	6.4	SSE	0.54	19.3	ESE	8.1	8.6	7.8	---	1020.8	0.00	0.0	0	0.00	0	0.033	0.000	20.6	39	6.1	19.1	7.67	1.2002	0.00	116	1	100.0	5
01/04/25	4:35	8.9	8.9	8.9	68	3.4	8.0	SSE	0.67	16.1	SSE	7.8	8.6	7.4	---	1020.7	0.00	0.0	0	0.00	0	0.033	0.000	20.6	39	6.1	19.1	7.67	1.2001	0.00	117	1	100.0	5
01/04/25	4:40	8.9	8.9	8.9	68	3.4	6.4	SSE	0.54	25.7	SE	8.2	8.6	7.8	---	1020.7	0.00	0.0	0	0.00	0	0.033	0.000	20.6	39	6.1	19.1	7.67	1.2001	0.00	117	1	100.0	5
01/04/25	4:45	8.9	8.9	8.9	68	3.3	8.0	SSE	0.67	25.7	SE	7.7	8.6	7.4	---	1020.7	0.00	0.0	0	0.00	0	0.033	0.000	20.5	39	6.1	19.1	7.67	1.2003	0.00	117	1	100.0	5
01/04/25	4:50	8.8	8.9	8.8	68	3.2	6.4	SSE	0.54	14.5	SE	8.1	8.5	7.7	---	1020.7	0.00	0.0	0	0.00	0	0.033	0.000	20.5	39	6.1	19.1	7.67	1.2003	0.00	116	1	100.0	5
01/04/25	4:55	8.8	8.9	8.8	68	3.2	8.0	SSE	0.67	17.7	SSE	7.7	8.5	7.3	---	1020.6	0.00	0.0	0	0.00	0	0.033	0.000	20.5	39	6.1	19.1	7.67	1.2002	0.00	115	1	100.0	5
01/04/25	5:00	8.8	8.8	8.7	68	3.2	6.4	SSE	0.54	14.5	SE	8.0	8.4	7.7	---	1020.5	0.00	0.0	0	0.00	0	0.033	0.000	20.5	39	6.1	19.1	7.67	1.2001	0.03	114	1	100.0	5
01/04/25	5:05	8.7	8.8	8.7	69	3.3	8.0	SSE	0.67	17.7	SSE	7.5	8.4	7.2	---	1020.4	0.00	0.0	0	0.00	0	0.033	0.000	20.5	39	6.1	19.1	7.67	1.2000	0.00	117	1	100.0	5
01/04/25	5:10	8.6	8.7	8.6	69	3.2	6.4	SSE	0.54	14.5	SE	7.8	8.3	7.5	---	1020.4	0.00	0.0	0	0.00	0	0.034	0.000	20.5	39	6.1	19.1	7.67	1.2000	0.00	117	1	100.0	5
01/04/25	5:15	8.6	8.7	8.6	69	3.2	6.4	SE	0.54	17.7	SSE	7.7	8.3	7.4	---	1020.4	0.00	0.0	0	0.00	0	0.034	0.000	20.5	39	6.1	19.1	7.67	1.2000	0.00	117	1	100.0	5
01/04/25	5:20	8.5	8.6	8.5	69	3.1	8.0	SSE	0.67	16.1	SE	7.3	8.2	7.0	---	1020.4	0.00	0.0	0	0.00	0	0.034	0.000	20.4	39	6.0	19.0	7.67	1.2003	0.00	117	1	100.0	5
01/04/25	5:25	8.4	8.5	8.4	70	3.2	8.0	SSE	0.67	19.3	S	7.1	8.1	6.8	---	1020.3	0.00	0.0	0	0.00	0	0.035	0.000	20.5	39	6.1	19.1	7.67	1.1999	0.00	116	1	100.0	5
01/04/25	5:30	8.3	8.4	8.3	70	3.2	8.0	SSE	0.67	20.9	S	7.1	8.1	6.8	---	1020.3	0.00	0.0	0	0.00	0	0.035	0.000	20.4	39	6.0	19.0	7.67	1.2002	0.00	115	1	100.0	5
01/04/25	5:35	8.3	8.3	8.3	70	3.1	6.4	SE	0.54	14.5	ESE	7.4	8.0	7.1	---	1020.3	0.00	0.0	0	0.00	0	0.035	0.000	20.4	39	6.0	19.0	7.67	1.2002	0.00	115	1	100.0	5
01/04/25	5:40	8.2	8.3	8.2	71	3.2	9.7	SSE	0.80	20.9	SE	6.5	7.9	6.2	---	1020.1	0.00	0.0	0	0.00	0	0.035	0.000	20.4	39	6.0	19.0	7.68	1.2002	0.00	117	1	100.0	5
01/04/25	5:45	8.1	8.2	8.1	71	3.1	8.0	SE	0.67	17.7	SE	6.7	7.8	6.4	---	1020.2	0.00	0.0	0	0.00	0	0.036	0.000	20.4	39	6.0	19.0	7.67	1.2000	0.00	117	1	100.0	5
01/04/25	5:50	8.0	8.1	7.9	71	3.1	8.0	SE	0.67	22.5	SSE	6.7	7.7	6.4	---	1020.2	0.00	0.0	0	0.00	0	0.036	0.000	20.4	39	6.0	19.0	7.68	1.2003	0.00	117	1	100.0	5
01/04/25	5:55	7.9	8.0	7.9	71	3.0	9.7	SSE	0.80	17.7	SSE	6.3	7.7	6.0	---	1020.1	0.00	0.0	0	0.00	0	0.036	0.000	20.4	39	6.0	19.0	7.68	1.2002	0.00	115	1	100.0	5
01/04/25	6:00	7.9	7.9	7.8	72	3.1	6.4	SSE	0.54	14.5	S	6.9	7.6	6.6	---	1020.2	0.00	0.0	0	0.00	0	0.036	0.000	20.4	39	6.0	19.0	7.68	1.2003	0.03	115	1	100.0	5
01/04/25	6:05	7.8	7.8	7.8	72	3.0	8.0	SSE	0.67	20.9	SE	6.4	7.5	6.1	---	1020.2	0.00	0.0	0	0.00	0	0.037	0.000	20.4	39	6.0	19.0	7.68	1.2003	0.00	114	1	100.0	5
01/04/25	6:10	7.7	7.8	7.7	72	3.0	6.4	SSE	0.54	19.3	ESE	6.7	7.4	6.4	---	1020.1	0.00	0.0	0	0.00	0	0.037	0.000	20.4	39	6.0	19.0	7.68	1.2002	0.00	114	1	100.0	5
01/04/25	6:15	7.6	7.7	7.6	73	3.1	8.0	SE	0.67	19.3	SE	6.2	7.4	5.9	---	1020.0	0.00	0.0	0	0.00	0	0.037	0.000	20.3	39	5.9	18.9	7.68	1.2003	0.00	117	1	100.0	5
01/04/25	6:20	7.6	7.6	7.6	73	3.0	8.0	SSE	0.67	17.7	SSE	6.1	7.3	5.9	---	1020.0	0.00	0.0	0	0.00	0	0.037	0.000	20.3	39	5.9	18.9	7.68	1.2004	0.00	116	1	100.0	5
01/04/25	6:25	7.5	7.6	7.5	73	3.0	6.4	SSE	0.54	14.5	E	6.5	7.3	6.3	---	1020.1	0.00	0.0	0	0.00	0	0.038	0.000	20.4	39	6.0	19.0	7.68	1.2001	0.00	117	1	100.0	5
01/04/25	6:30	7.4	7.5	7.4	73	2.9	8.0	SSE	0.67	17.7	ESE	6.0	7.2	5.8	---	1020.0	0.00	0.0	0	0.00	0	0.038	0.000	20.3	39	5.9	18.9	7.68	1.2004	0.00	117	1	100.0	5
01/04/25	6:35	7.4	7.4	7.3	73	2.9	6.4	SSE	0.54	19.3	SE	6.3	7.2	6.1	---	1020.0	0.00	0.0	0	0.00	0	0.038	0.000	20.3	39	5.9	18.9	7.68	1.2004	0.00	118	1	100.0	5
01/04/25	6:40	7.3	7.4	7.3	74	3.0	8.0	SSE	0.67	20.9	SSE	5.8	7.1	5.6	---	1019.9	0.00	0.0	0	0.00	0	0.038	0.000	20.3	39	5.9	18.9	7.68	1.2003	0.00	114	1	100.0	5
01/04/25	6:45	7.3	7.3	7.3	74	3.0	6.4	ESE	0.54	17.7	SE	6.3	7.1	6.1	---	1020.1	0.00	0.0	0	0.00	0	0.038	0.000	20.3	39	5.9	18.9	7.68	1.2004	0.00	113	1	99.1	5
01/04/25	6:50	7.2	7.3	7.2	74	2.9	4.8	SE	0.40	12.9	SE	6.7	7.0	6.4	---	1020.1	0.00	0.0	0	0.00	0	0.039	0.000	20.3	39	5.9	18.9	7.68	1.2004	0.00	117	1	100.0	5
01/04/25	6:55	7.2	7.3	7.2	74	2.9	6.4	SSE	0.54	17.7	ESE	6.2	7.0	5.9	---	1020.1	0.00	0.0	0	0.00	0	0.039	0.000	20.3	39	5.9	18.9	7.68	1.2005	0.00	117	1	100.0	5
01/04/25	7:00	7.2	7.2	7.2	74	2.8	4.8	SSE	0.40	12.9	SSE	6.6	6.9	6.4	---	1019.9	0.00	0.0	0	0.00	0	0.039	0.000	20.3	39	5.9	18.9	7.68	1.2003	0.00	117	1	100.0	5
01/04/25	7:05	7.1	7.2	7.1	74	2.8	6.4	SSE	0.54	14.5	SE	6.1	6.9	5.8	---	1020.0	0.00	0.0	0	0.00	0	0.039	0.000	20.3	39	5.9	18.9	7.68	1.2006	0.00	117	1	100.0	5
01/04/25	7:10	7.1	7.2	7.1	74	2.7	6.4	SE	0.54	11.3	ESE	5.9	6.8	5.7	---	1020.0	0.00	0.0	0	0.00	0	0.039	0.000	20.3	39	5.9	18.9	7.68	1.2006	0.00	116	1	100.0	5
01/04/25	7:15	7.0	7.1	7.0	75	2.9	6.4	ESE	0.54	14.5	SE	5.9	6.8	5.7	---	1020.1	0.00	0.0	0	0.00	0	0.039	0.000	20.3	39	5.9	18.9	7.68	1.2007	0.00	114	1	100.0	5
01/04/25	7:20	6.9	7.0	6.9	75	2.8	4.8	SE	0.40	12.9	ESE	6.4	6.7	6.2	---	1020.1	0.00	0.0	0	0.00	0	0.040	0.000	20.3	39	5.9	18.9	7.68	1.2004	0.00	115	1	100.0	5
01/04/25	7:25	6.8	6.9	6.8	75	2.7	6.4	SE	0.54	19.3	SSE	5.7	6.6	5.5	---	1020.1	0.00	0.0	0	0.00	0	0.040	0.000	20.3	39	5.9	18.9	7.68	1.2007	0.00	115	1	100.0	5
01/04/25	7:30	6.8	6.8	6.7	75	2.7	4.8	SE	0.40	11.3	ESE	6.2	6.6	5.9	---	1020.1	0.00	0.0	0	0.00	0	0.040	0.000	20.3	39	5.9	18.9	7.68	1.2007	0.00	117	1	100.0	5
01/04/25	7:35	6.7	6.8	6.7	76	2.7	4.8	ESE	0.40	14.5	SE	6.1	6.4	5.8	---	1020.1	0.00	0.0	0	0.00	0	0.041	0.000	20.2	39	5.8	18.8	7.68	1.2009	0.00	117	1	100.0	5
01/04/25	7:40	6.6	6.7	6.6	76	2.7	4.8	SE	0.40	12.9	SE	6.0	6.4	5.8	---	1020.1	0.00	0.0	1	0.01	5	0.041	0.000	20.2	38	5.4	18.8	7.55	1.2012	0.00	118	1	100.0	5
01/04/25	7:45	6.5	6.6	6.5	76	2.6	4.8	SE	0.40	9.7	S	5.9	6.3	5.7	---	1020.1	0.00	0.0	6	0.04	7	0.041	0.000	20.2	38	5.4	18.8	7.55	1.2013	0.00	117	1	100.0	5
01/04/25	7:50	6.4	6.5	6.4	77	2.7	4.8	SE	0.40	11.3	SSE	5.8	6.3	5.7	---	1020.0	0.00	0.0	9	0.06	11	0.041	0.000	20.2	38	5.4	18.8	7.55	1.2011	0.00	117	1	100.0	5
01/04/25	7:55	6.5	6.5	6.4	77	2.8	6.4	ESE	0.54	14.5	SSE	5.3	6.3	5.2	---	1019.9	0.00	0.0	12	0.09	12	0.041	0.000	20.2	38	5.4	18.7	7.55	1.2014	0.00	114	1	100.0	5
01/04/25	8:00	6.6	6.6	6.5	76	2.6	6.4	SE	0.54	12.9	E	5.4	6.3	5.2	---	1019.9	0.00	0.0	14	0.10	16	0.041	0.000	20.2	38	5.4	18.7	7.55	1.2014	0.00	114	1	100.0	5
01/04/25	8:05	6.7	6.7	6.6	76	2.7	6.4	ESE	0.54	14.5	ESE	5.5	6.4	5.3	---	1019.9	0.00	0.0	17	0.12	19	0.041	0.000	20.2	37	5.0	18.7	7.35	1.2016	0.00	117	1	100.0	5
01/04/25	8:10	6.8	6.8	6.7	75	2.7	9.7	ESE	0.80	19.3	ESE	4.9	6.6	4.7	---	1020.2	0.00	0.0	22	0.16	25	0.040	0.000	20.2	37	5.0	18.7	7.35	1.2019	0.00	116	1	100.0	5
01/04/25	8:15	7.1	7.1	6.8	75	2.9	6.4	SSE	0.54	14.5	ESE	5.9	6.8	5.7	---	1020.1	0.00	0.0	30	0.22	33	0.039	0.000	20.2	37	5.1	18.7	7.35	1.2015	0.00	117	1	100.0	5
01/04/25	8:20	7.1	7.1	7.0	74	2.8	6.4	ESE	0.54	17.7	ESE	6.1	6.9	5.8	---	1020.2	0.00	0.0	40	0.29	44	0.039	0.000	20.2	37	5.1	18.7	7.35	1.2017	0.00	116	1	100.0	5
01/04/25	8:25	7.2	7.2	7.1	74	2.8	6.4	SE	0.54	19.3	ESE	6.1	6.9	5.9	---	1020.2	0.00	0.0	50	0.36	54	0.039	0.000	20.2	37	5.0	18.7	7.35	1.2019	0.00	117	1	100.0	5
01/04/25	8:30	7.3	7.3	7.2	73	2.8	8.0	SSE	0.67	19.3	ESE	5.8	7.1	5.6	---	1020.1	0.00	0.0	62	0.44	67	0.038	0.000	20.2	37	5.0	18.7	7.35	1.2018	0.00	116	1	100.0	5
01/04/25	8:35	7.4	7.4	7.3	73	2.9	8.0	SE	0.67	17.7	SE	6.0	7.2	5.8	---	1020.2	0.00	0.0	75	0.54	81	0.038	0.000	20.2	37	5.0	18.7	7.35	1.2019	0.00	114	1	100.0	5
01/04/25	8:40	7.6	7.6	7.4	72	2.8	9.7	SE	0.80	19.3	SE	5.8	7.3	5.5	---	1020.1	0.00	0.0	89	0.64	95	0.037	0.000	20.2	37	5.1	18.7	7.35	1.2015	0.00	116	1	100.0	5
01/04/25	8:45	7.7	7.7	7.6	72	3.0	6.4	SE	0.54	17.7	SSE	6.7	7.4	6.4	---	1020.2	0.00	0.0	104	0.75	111	0.037	0.000	20.2	37	5.1	18.7	7.35	1.2016	0.00	117	1	100.0	5
01/04/25	8:50	7.8	7.8	7.7	71	2.9	8.0	SE	0.67	16.1	S	6.4	7.6	6.2	---	1020.2	0.00	0.0	121	0.87	128	0.036	0.000	20.2	37	5.1	18.7	7.35	1.2016	0.00	117	1	100.0	5
01/04/25	8:55	8.1	8.1	7.8	70	2.9	8.0	SSE	0.67	22.5	SE	6.7	7.8	6.4	---	1020.1	0.00	0.0	138	0.99	146	0.036	0.000	20.2	37	5.1	18.7	7.35	1.2015	0.00	117	1	100.0	5
01/04/25	9:00	8.3	8.3	8.1	70	3.1	8.0	SSE	0.67	14.5	E	7.0	8.0	6.7	---	1020.1	0.00	0.0	156	1.12	163	0.035	0.000	20.2	36	4.7	18.7	7.22	1.2018	0.03	117	1	100.0	5
01/04/25	9:05	8.4	8.4	8.3	69	3.1	9.7	SE	0.80	19.3	SE	6.8	8.2	6.6	---	1020.1	0.00	0.0	172	1.23	178	0.034	0.000	20.2	36	4.7	18.7	7.22	1.2019	0.00	114	1	100.0	5
01/04/25	9:10	8.7	8.7	8.4	68	3.1	9.7	SSE	0.80	19.3	SSE	7.1	8.3	6.8	---	1020.2	0.00	0.0	188	1.35	195	0.034	0.000	20.2	36	4.7	18.7	7.22	1.2019	0.00	114	1	100.0	5
01/04/25	9:15	8.8	8.8	8.7	66	2.8	9.7	SE	0.80	19.3	SE	7.3	8.4	6.9	---	1020.1	0.00	0.0	206	1.48	213	0.033	0.000	20.2	36	4.7	18.7	7.22	1.2018	0.00	117	1	100.0	5
01/04/25	9:20	8.9	8.9	8.8	66	2.9	11.3	SE	0.94	27.4	SSE	7.2	8.6	6.8	---	1020.2	0.00	0.0	222	1.59	229	0.033	0.000	20.2	36	4.7	18.7	7.22	1.2019	0.00	117	1	100.0	5
01/04/25	9:25	9.1	9.1	8.9	65	2.9	9.7	SSE	0.80	22.5	SSE	7.7	8.7	7.3	---	1020.1	0.00	0.0	237	1.70	243	0.032	0.000	20.2	36	4.7	18.7	7.22	1.2018	0.00	117	1	100.0	5
01/04/25	9:30	9.3	9.3	9.1	64	2.8	8.0	SE	0.67	19.3	ESE	8.2	8.9	7.8	---	1020.2	0.00	0.0	251	1.80	257	0.031	0.000	20.2	36	4.7	18.7	7.22	1.2019	0.00	117	1	100.0	5
01/04/25	9:35	9.5	9.5	9.3	63	2.8	9.7	SSE	0.80	25.7	SSE	8.1	9.1	7.7	---	1020.2	0.00	0.0	266	1.91	272	0.031	0.000	20.2	36	4.7	18.7	7.22	1.2019	0.00	115	1	100.0	5
01/04/25	9:40	9.7	9.7	9.5	62	2.7	9.7	SSE	0.80	25.7	SE	8.3	9.3	7.9	---	1020.2	0.00	0.0	279	2.00	283	0.030	0.000	20.2	36	4.7	18.7	7.22	1.2019	0.00	112	1	98.2	5
01/04/25	9:45	9.8	9.8	9.7	62	2.8	9.7	SSE	0.80	19.3	SSE	8.4	9.4	8.1	---	1020.2	0.00	0.0	292	2.09	299	0.030	0.000	20.2	36	4.7	18.7	7.22	1.2019	0.00	117	1	100.0	5
01/04/25	9:50	9.8	9.8	9.8	62	2.9	9.7	SE	0.80	24.1	ESE	8.5	9.4	8.1	---	1020.1	0.00	0.0	306	2.19	311	0.030	0.000	20.2	36	4.6	18.6	7.22	1.2021	0.00	118	1	100.0	5
01/04/25	9:55	9.9	9.9	9.8	61	2.8	9.7	SE	0.80	24.1	SE	8.7	9.5	8.2	---	1020.1	0.00	0.0	320	2.29	325	0.029	0.000	20.2	36	4.6	18.6	7.22	1.2021	0.00	115	1	100.0	5
01/04/25	10:00	10.1	10.1	9.9	60	2.6	8.0	SSE	0.67	19.3	SSW	9.1	9.6	8.6	---	1020.0	0.00	0.0	334	2.39	339	0.029	0.000	20.2	36	4.6	18.6	7.22	1.2020	0.15	117	1	100.0	5
01/04/25	10:05	10.2	10.2	10.1	60	2.7	8.0	ESE	0.67	16.1	ESE	9.2	9.7	8.8	---	1019.9	0.00	0.0	348	2.49	353	0.028	0.000	20.2	36	4.6	18.6	7.22	1.2019	0.00	115	1	100.0	5
01/04/25	10:10	10.3	10.4	10.2	60	2.9	6.4	SE	0.54	17.7	E	9.8	9.8	9.3	---	1019.9	0.00	0.0	362	2.59	367	0.028	0.000	20.2	36	4.6	18.6	7.22	1.2019	0.00	115	1	100.0	5
01/04/25	10:15	10.4	10.4	10.4	59	2.7	11.3	SE	0.94	24.1	ESE	8.9	9.9	8.4	---	1019.9	0.00	0.0	375	2.69	380	0.028	0.000	20.2	36	4.7	18.7	7.22	1.2016	0.00	116	1	100.0	5
01/04/25	10:20	10.4	10.4	10.3	60	3.0	11.3	SSE	0.94	29.0	SSE	8.9	9.9	8.4	---	1019.9	0.00	0.0	386	2.77	392	0.028	0.000	20.2	36	4.7	18.7	7.22	1.2017	0.00	117	1	100.0	5
01/04/25	10:25	10.5	10.5	10.4	60	3.1	9.7	SSE	0.80	29.0	SSE	9.3	10.0	8.8	---	1019.8	0.00	0.0	398	2.85	404	0.027	0.000	20.2	36	4.7	18.7	7.22	1.2015	0.00	116	1	100.0	5
01/04/25	10:30	10.6	10.6	10.5	60	3.2	9.7	SSE	0.80	25.7	SE	9.4	10.1	8.9	---	1019.8	0.00	0.0	412	2.95	417	0.027	0.000	20.3	36	4.7	18.7	7.22	1.2013	0.00	116	1	100.0	5
01/04/25	10:35	10.7	10.7	10.6	59	3.0	9.7	SE	0.80	19.3	S	9.5	10.1	8.9	---	1019.9	0.00	0.0	425	3.05	431	0.027	0.000	20.3	36	4.7	18.7	7.22	1.2014	0.00	115	1	100.0	5
01/04/25	10:40	10.9	10.9	10.7	59	3.2	11.3	SSE	0.94	22.5	SSE	9.5	10.3	8.9	---	1019.8	0.00	0.0	436	3.13	441	0.026	0.000	20.3	35	4.4	18.7	7.05	1.2012	0.00	114	1	100.0	5
01/04/25	10:45	11.1	11.1	10.9	59	3.4	8.0	S	0.67	17.7	ESE	10.3	10.5	9.7	---	1019.8	0.00	0.0	449	3.22	454	0.025	0.000	20.3	35	4.4	18.7	7.05	1.2012	0.00	117	1	100.0	5
01/04/25	10:50	11.2	11.2	11.2	58	3.3	11.3	SSE	0.94	22.5	ESE	9.9	10.6	9.2	---	1019.7	0.00	0.0	459	3.29	462	0.025	0.000	20.3	35	4.3	18.7	7.05	1.2014	0.00	117	1	100.0	5
01/04/25	10:55	11.3	11.3	11.3	57	3.1	11.3	SSE	0.94	30.6	ESE	10.1	10.6	9.3	---	1019.7	0.00	0.0	471	3.38	475	0.024	0.000	20.3	35	4.4	18.7	7.05	1.2012	0.00	118	1	100.0	5
01/04/25	11:00	11.4	11.4	11.3	57	3.2	11.3	SSE	0.94	22.5	S	10.2	10.7	9.4	---	1019.7	0.00	0.0	483	3.46	489	0.024	0.000	20.3	35	4.4	18.7	7.05	1.2011	0.25	117	1	100.0	5
01/04/25	11:05	11.7	11.7	11.4	56	3.2	11.3	SSE	0.94	24.1	SSE	10.5	10.9	9.7	---	1019.8	0.00	0.0	494	3.54	497	0.023	0.000	20.3	35	4.4	18.7	7.05	1.2013	0.00	115	1	100.0	5
01/04/25	11:10	12.0	12.0	11.7	55	3.2	11.3	SSE	0.94	22.5	SSE	10.8	11.2	10.0	---	1019.6	0.00	0.0	505	3.62	510	0.022	0.000	20.4	35	4.4	18.8	7.05	1.2008	0.00	115	1	100.0	5
01/04/25	11:15	12.3	12.3	11.9	53	3.0	8.0	SE	0.67	22.5	SSE	11.7	11.4	10.8	---	1019.6	0.00	0.0	516	3.70	520	0.021	0.000	20.4	35	4.4	18.8	7.05	1.2008	0.00	117	1	100.0	5
01/04/25	11:20	12.2	12.3	12.2	52	2.6	14.5	SE	1.21	33.8	S	10.3	11.3	9.4	---	1019.6	0.00	0.0	527	3.78	531	0.021	0.000	20.4	35	4.4	18.8	7.05	1.2007	0.00	117	1	100.0	5
01/04/25	11:25	12.3	12.3	12.2	51	2.5	14.5	SSE	1.21	35.4	SSE	10.4	11.4	9.5	---	1019.7	0.00	0.0	536	3.84	540	0.021	0.000	20.4	35	4.5	18.8	7.05	1.2006	0.00	117	1	100.0	5
01/04/25	11:30	12.4	12.4	12.3	49	2.0	16.1	SSE	1.34	30.6	SSW	10.2	11.4	9.2	---	1019.6	0.00	0.0	546	3.91	550	0.020	0.000	20.4	35	4.5	18.8	7.05	1.2005	0.00	117	1	100.0	5
01/04/25	11:35	12.6	12.6	12.4	48	1.8	16.1	SSE	1.34	35.4	S	10.4	11.5	9.3	---	1019.5	0.00	0.0	554	3.97	557	0.020	0.000	20.4	35	4.5	18.8	7.05	1.2003	0.00	114	1	100.0	5
01/04/25	11:40	12.7	12.7	12.6	49	2.2	14.5	SSE	1.21	27.4	SSE	10.9	11.7	9.9	---	1019.4	0.00	0.0	565	4.05	570	0.020	0.000	20.4	35	4.5	18.8	7.05	1.2002	0.00	116	1	100.0	5
01/04/25	11:45	12.8	12.8	12.6	50	2.7	12.9	SSE	1.07	35.4	SE	11.4	11.8	10.4	---	1019.3	0.00	0.0	574	4.11	580	0.019	0.000	20.4	35	4.5	18.8	7.05	1.2002	0.00	116	1	100.0	5
01/04/25	11:50	12.8	12.8	12.7	49	2.3	16.1	SSE	1.34	37.0	ESE	10.6	11.7	9.6	---	1019.2	0.00	0.0	584	4.19	589	0.019	0.000	20.4	35	4.5	18.8	7.05	1.2000	0.00	117	1	100.0	5
01/04/25	11:55	13.1	13.2	12.8	48	2.3	11.3	S	0.94	24.1	SE	12.2	12.0	11.1	---	1019.2	0.00	0.0	593	4.25	596	0.018	0.000	20.5	35	4.5	18.8	7.05	1.1997	0.00	117	1	100.0	5
01/04/25	12:00	13.4	13.4	13.1	46	2.0	14.5	ESE	1.21	29.0	SSE	11.7	12.2	10.6	---	1019.1	0.00	0.0	602	4.31	606	0.017	0.000	20.5	35	4.5	18.8	7.05	1.1996	0.36	117	1	100.0	5
01/04/25	12:05	13.5	13.5	13.3	46	2.1	14.5	SSE	1.21	46.7	S	11.8	12.3	10.7	---	1019.0	0.00	0.0	611	4.38	615	0.017	0.000	20.5	34	4.1	18.8	6.85	1.1998	0.00	114	1	100.0	5
01/04/25	12:10	13.6	13.6	13.4	46	2.1	14.5	SSE	1.21	35.4	SSE	11.9	12.4	10.7	---	1018.9	0.00	0.0	619	4.44	622	0.017	0.000	20.5	34	4.1	18.8	6.85	1.1997	0.00	117	1	100.0	5
01/04/25	12:15	13.8	13.8	13.6	45	2.0	14.5	SSE	1.21	27.4	ESE	12.2	12.6	10.9	---	1018.9	0.00	0.0	627	4.49	629	0.016	0.000	20.4	34	4.0	18.7	6.85	1.1999	0.00	117	1	100.0	5
01/04/25	12:20	13.6	13.8	13.6	45	1.9	16.1	SE	1.34	41.8	ESE	11.6	12.4	10.4	---	1019.0	0.00	0.0	634	4.54	636	0.016	0.000	20.5	34	4.1	18.8	6.85	1.1997	0.00	117	1	100.0	5
01/04/25	12:25	13.7	13.7	13.6	45	1.9	14.5	SSE	1.21	35.4	SE	12.1	12.4	10.8	---	1018.8	0.00	0.0	641	4.59	645	0.016	0.000	20.5	34	4.1	18.8	6.85	1.1995	0.00	117	1	100.0	5
01/04/25	12:30	13.7	13.8	13.7	44	1.7	16.1	SE	1.34	30.6	SE	11.7	12.4	10.4	---	1018.8	0.00	0.0	647	4.64	649	0.016	0.000	20.5	34	4.1	18.8	6.85	1.1995	0.00	115	1	100.0	5
01/04/25	12:35	13.8	13.8	13.7	43	1.4	16.1	ESE	1.34	40.2	SE	11.8	12.5	10.6	---	1018.7	0.00	0.0	653	4.68	656	0.016	0.000	20.5	34	4.1	18.8	6.85	1.1995	0.00	114	1	100.0	5
01/04/25	12:40	13.7	13.8	13.7	43	1.4	17.7	SE	1.48	51.5	ESE	11.4	12.4	10.1	---	1018.7	0.00	0.0	659	4.72	661	0.016	0.000	20.6	34	4.1	18.8	6.85	1.1991	0.00	117	1	100.0	5
01/04/25	12:45	13.9	13.9	13.7	43	1.6	12.9	SE	1.07	41.8	SE	12.8	12.7	11.5	---	1018.6	0.00	0.0	663	4.75	664	0.015	0.000	20.5	34	4.1	18.8	6.85	1.1993	0.00	117	1	100.0	5
01/04/25	12:50	14.1	14.1	13.9	42	1.3	17.7	SSE	1.48	35.4	SSE	11.8	12.7	10.4	---	1018.6	0.00	0.0	669	4.80	671	0.015	0.000	20.5	33	3.7	18.7	6.67	1.1996	0.00	117	1	100.0	5
01/04/25	12:55	14.2	14.2	14.1	43	1.8	16.1	SE	1.34	35.4	SSE	12.3	12.9	11.0	---	1018.6	0.00	0.0	674	4.83	675	0.014	0.000	20.5	33	3.7	18.7	6.67	1.1996	0.00	117	1	100.0	5
01/04/25	13:00	14.4	14.4	14.2	43	2.0	17.7	SSE	1.48	35.4	SSE	12.2	13.1	10.8	---	1018.5	0.00	0.0	680	4.87	684	0.014	0.000	20.6	33	3.7	18.8	6.67	1.1992	0.46	114	1	100.0	5
01/04/25	13:05	14.3	14.4	14.3	41	1.2	19.3	SSE	1.61	41.8	E	11.8	12.9	10.4	---	1018.4	0.00	0.0	685	4.91	687	0.014	0.000	20.6	33	3.7	18.8	6.67	1.1991	0.00	115	1	100.0	5
01/04/25	13:10	14.3	14.3	14.3	42	1.5	19.3	SE	1.61	37.0	ESE	11.7	12.9	10.4	---	1018.4	0.00	0.0	688	4.93	689	0.014	0.000	20.6	33	3.7	18.8	6.67	1.1991	0.00	117	1	100.0	5
01/04/25	13:15	14.3	14.3	14.3	42	1.6	16.1	SE	1.34	35.4	SE	12.4	12.9	11.1	---	1018.3	0.00	0.0	691	4.95	693	0.014	0.000	20.6	33	3.7	18.8	6.67	1.1990	0.00	117	1	100.0	5
01/04/25	13:20	14.4	14.4	14.3	42	1.6	17.7	SE	1.48	48.3	SE	12.2	13.0	10.8	---	1018.2	0.00	0.0	693	4.97	694	0.014	0.000	20.6	33	3.7	18.8	6.67	1.1989	0.00	117	1	100.0	5
01/04/25	13:25	14.4	14.4	14.3	43	2.0	16.1	SE	1.34	33.8	SSE	12.6	13.1	11.2	---	1018.2	0.00	0.0	696	4.99	698	0.014	0.000	20.6	33	3.7	18.8	6.67	1.1989	0.00	116	1	100.0	5
01/04/25	13:30	14.5	14.6	14.4	42	1.7	17.7	SSE	1.48	40.2	ESE	12.3	13.1	10.9	---	1018.1	0.00	0.0	700	5.02	701	0.013	0.000	20.6	33	3.7	18.8	6.67	1.1987	0.00	114	1	100.0	5
01/04/25	13:35	14.8	14.8	14.5	42	2.0	14.5	SSE	1.21	33.8	SSE	13.4	13.4	12.0	---	1018.2	0.00	0.0	702	5.03	705	0.012	0.000	20.6	33	3.7	18.8	6.67	1.1989	0.00	117	1	100.0	5
01/04/25	13:40	14.9	15.1	14.8	42	2.1	14.5	SE	1.21	27.4	SE	13.6	13.6	12.2	---	1018.0	0.00	0.0	703	5.04	705	0.012	0.000	20.6	33	3.8	18.8	6.67	1.1983	0.00	117	1	100.0	5
01/04/25	13:45	15.1	15.1	14.9	42	2.3	12.9	SSE	1.07	25.7	SSE	14.2	13.7	12.8	---	1018.0	0.00	0.0	704	5.05	705	0.011	0.000	20.6	33	3.8	18.8	6.67	1.1983	0.00	117	1	100.0	5
01/04/25	13:50	15.1	15.2	15.1	41	1.9	14.5	SE	1.21	35.4	S	13.7	13.7	12.3	---	1017.9	0.00	0.0	707	5.07	708	0.011	0.000	20.6	33	3.8	18.8	6.67	1.1983	0.00	116	1	100.0	5
01/04/25	13:55	14.9	15.1	14.9	41	1.8	16.1	SE	1.34	33.8	ENE	13.2	13.6	11.8	---	1017.7	0.00	0.0	707	5.07	708	0.012	0.000	20.7	33	3.8	18.9	6.67	1.1978	0.00	113	1	99.1	5
01/04/25	14:00	15.2	15.2	15.0	41	2.0	14.5	SSE	1.21	30.6	E	13.9	13.8	12.4	---	1017.7	0.00	0.0	708	5.07	708	0.011	0.000	20.7	33	3.9	18.9	6.66	1.1975	0.51	114	1	100.0	5
01/04/25	14:05	15.1	15.3	15.1	41	1.9	12.9	SE	1.07	30.6	S	14.2	13.7	12.7	---	1017.6	0.00	0.0	708	5.07	710	0.011	0.000	20.8	33	3.9	19.0	6.66	1.1971	0.00	117	1	100.0	5
01/04/25	14:10	15.2	15.2	15.1	41	2.0	14.5	ESE	1.21	41.8	ESE	13.8	13.7	12.4	---	1017.7	0.00	0.0	708	5.07	708	0.011	0.000	20.8	33	4.0	19.1	6.66	1.1970	0.00	117	1	100.0	5
01/04/25	14:15	15.2	15.2	15.1	42	2.3	17.7	SSE	1.48	33.8	ESE	13.1	13.8	11.7	---	1017.3	0.00	0.0	706	5.06	708	0.011	0.000	20.9	33	4.1	19.2	6.66	1.1960	0.00	117	1	100.0	5
